------------------------------ 0
1201
1182
1378
1254
1452
1487
1468
1014
1483
1440
1409
1400
1000
1227
1113
1308
1336
1050
1362
1204
1418
1222
1082
1405
1305
1197
1018
1198
1205
1437
1301
1162
1223
1003
1111
1248
1116
1346
1325
1311
1228
1343
1008
1112
1124
1082
1438
1068
1238
1149
1348
1103
1100
1237
1353
1179
1033
1071
1360
1355
1260
1252
1039
1159
1110
1348
1140
1373
1443
1046
1212
1254
1312
1353
1466
1195
1065
1080
1382
1332
1475
1098
1264
1222
1281
1324
1433
1345
1017
1089
1169
1181
1229
1085
1206
1026
1086
1295
1140
1492