 6 
 5 100 
 26 35 13 21 21 12 29 19 30 50 11 46 
 34 14 29 30 34 28 21 29 16 15 10 14 
 33 19 30 38 14 42 20 17 47 35 13 21 
 10 25 17 41 29 24 26 36 26 20 19 42 
 40 49 24 16 35 10 46 42 21 50 29 34 
 13 37 16 41 41 10 23 17 41 36 45 40 
 15 31 16 33 24 35 41 15 26 44 15 45 
 27 19 46 18 32 41 42 26 25 43 15 20 
 12 12 50 18 
 24 43 25 36 39 49 14 42 40 16 50 43 
 38 30 40 25 18 31 32 15 14 35 35 17 
 38 30 17 34 50 21 13 37 16 28 49 27 
 32 24 45 30 33 32 10 31 45 31 14 27 
 16 27 41 40 45 44 50 14 19 41 36 21 
 43 25 30 42 20 48 17 34 12 35 46 39 
 23 18 27 28 19 41 12 39 12 13 42 39 
 42 50 41 19 42 26 21 17 46 23 48 40 
 17 23 49 10 
 40 45 27 33 16 19 13 20 19 21 17 48 
 24 28 18 19 49 39 38 35 44 45 12 39 
 39 21 49 38 15 26 32 12 19 27 38 12 
 40 29 17 11 24 23 50 40 10 16 47 45 
 31 12 23 20 25 23 27 40 44 34 48 43 
 48 37 31 34 19 45 35 17 27 30 21 27 
 17 25 42 40 35 34 19 39 39 14 13 17 
 10 40 13 34 46 46 16 17 49 23 45 49 
 32 49 12 47 
 14 31 22 29 28 17 40 31 24 42 39 23 
 47 22 17 22 48 40 14 11 36 50 37 44 
 16 23 43 47 12 38 37 18 22 34 30 38 
 48 35 45 37 50 32 24 40 32 19 40 32 
 49 36 47 24 47 46 27 46 15 22 11 39 
 40 22 50 49 12 27 28 14 32 45 10 37 
 46 27 28 28 15 38 38 44 29 31 21 20 
 36 45 18 22 10 37 30 14 39 19 24 12 
 14 26 13 15 
 19 20 45 11 10 35 37 25 23 41 44 10 
 27 18 22 49 45 26 34 12 33 30 30 20 
 15 13 49 23 38 38 37 41 12 26 50 20 
 47 13 48 50 44 38 42 46 27 16 27 16 
 38 16 13 14 16 34 39 44 19 41 47 34 
 39 17 44 24 19 14 40 38 40 31 37 16 
 29 50 50 22 36 36 29 49 23 13 49 25 
 40 30 16 50 27 25 11 36 36 28 33 43 
 50 24 24 43 
 7 16 18 15 17 10 17 11 19 6 5 19 
 21 19 23 12 7 5 21 20 23 12 22 6 
 14 17 24 25 22 8 13 7 24 11 8 22 
 15 24 15 18 23 11 17 16 6 21 21 9 
 24 9 22 9 25 6 8 8 16 12 24 6 
 12 13 18 18 8 20 22 5 15 13 9 11 
 11 11 8 7 5 14 19 12 17 9 16 18 
 12 6 10 5 18 21 24 9 9 19 5 8 
 18 8 25 21 
 9 17 13 18 7 14 22 16 6 10 13 15 
 10 25 12 13 18 15 19 14 17 25 19 24 
 11 10 19 13 20 23 9 13 13 17 14 22 
 24 19 25 17 15 5 12 10 19 23 7 17 
 19 15 21 6 25 20 10 7 15 16 17 23 
 17 19 18 16 22 20 19 7 8 19 12 13 
 21 20 25 9 9 11 7 15 12 15 20 18 
 22 18 5 11 22 7 16 9 21 10 18 11 
 15 17 10 20 
 18 24 6 18 16 18 15 23 19 9 21 7 
 17 9 19 22 23 5 21 9 14 21 9 23 
 15 24 22 12 12 24 6 20 23 15 15 14 
 12 9 24 20 19 9 7 20 13 14 14 10 
 13 21 18 12 16 19 5 14 17 20 13 22 
 16 19 5 11 25 10 13 13 6 6 9 13 
 10 22 10 9 5 13 21 16 11 20 5 13 
 12 5 11 11 14 14 18 8 9 8 20 15 
 17 21 25 15 
 14 7 7 9 9 7 23 21 19 11 10 9 
 5 11 19 20 12 12 10 25 6 17 12 16 
 19 20 19 12 5 14 17 11 15 14 9 18 
 20 25 21 11 18 20 13 23 18 17 21 6 
 5 12 24 22 6 12 17 11 12 5 11 25 
 6 8 7 21 9 13 25 5 20 24 11 25 
 14 14 13 5 22 15 22 18 23 5 7 9 
 17 18 23 16 19 24 21 11 10 20 19 14 
 19 16 17 22 
 21 11 6 14 16 12 12 6 22 18 16 8 
 18 13 16 16 13 8 23 18 11 15 6 11 
 17 17 20 8 9 17 11 11 22 6 24 24 
 17 20 11 16 15 11 9 21 6 24 21 6 
 25 9 21 15 21 6 8 23 21 23 7 12 
 7 17 25 21 18 5 11 6 10 24 25 22 
 11 16 9 7 5 8 9 7 8 24 6 15 
 24 7 19 25 5 16 6 23 20 18 15 15 
 14 15 20 25 
 209 209 209 209 209 
 5 200 
 40 34 38 42 50 28 31 29 43 14 24 28 
 29 40 14 44 15 11 33 26 25 35 46 44 
 14 37 12 21 36 16 32 33 45 27 20 14 
 34 45 29 41 24 17 35 11 12 39 15 40 
 10 15 15 50 27 17 41 33 41 40 20 50 
 30 48 39 50 24 26 20 35 29 35 39 12 
 12 17 48 19 24 22 48 47 44 15 38 48 
 38 12 16 21 42 47 48 38 45 15 28 43 
 50 41 48 11 33 19 15 29 40 45 10 48 
 39 28 21 34 18 16 17 17 38 26 23 49 
 22 22 49 11 16 43 24 38 17 27 44 30 
 49 26 27 10 43 39 46 31 35 22 38 47 
 21 47 44 13 12 30 28 38 11 39 33 16 
 46 19 47 23 47 10 48 35 42 15 17 40 
 23 47 48 46 35 19 33 12 45 49 20 30 
 30 48 29 29 21 40 22 36 36 46 29 21 
 41 45 30 30 23 32 41 35 
 44 26 46 23 24 44 16 13 24 29 26 40 
 42 30 20 20 48 36 13 33 15 29 17 18 
 48 14 14 36 47 12 29 35 34 42 44 36 
 34 48 32 12 39 27 31 35 44 17 29 50 
 31 27 15 27 15 48 11 34 17 30 39 14 
 50 20 24 36 25 27 18 15 17 34 37 13 
 30 29 21 25 35 16 34 34 15 41 11 20 
 33 26 47 10 45 33 37 25 13 50 26 34 
 32 26 39 29 10 10 21 13 46 49 36 39 
 19 48 11 47 28 14 41 29 25 19 30 49 
 49 33 34 27 43 20 24 23 15 29 31 46 
 15 39 10 14 36 50 48 45 44 14 50 44 
 40 35 33 12 36 10 23 45 10 27 29 36 
 48 24 44 37 37 17 12 11 37 24 24 13 
 14 26 42 29 39 32 29 15 46 15 13 26 
 32 32 42 17 17 43 35 49 19 40 24 28 
 24 39 14 13 43 45 33 47 
 18 38 19 36 19 25 26 35 25 21 20 25 
 24 45 14 21 17 15 40 39 35 16 18 26 
 49 13 42 36 46 24 43 29 31 15 34 10 
 43 46 30 11 19 22 27 22 25 17 24 33 
 25 29 45 42 14 28 31 21 43 46 36 40 
 22 17 13 36 15 37 34 36 11 34 24 14 
 15 21 18 11 14 50 28 26 37 38 23 27 
 41 44 23 41 46 31 28 49 32 47 19 19 
 42 10 20 12 31 21 26 31 23 48 35 43 
 13 47 15 10 34 23 44 27 44 34 29 32 
 39 14 25 22 18 24 48 10 44 33 49 20 
 11 45 45 47 36 39 10 26 47 46 11 40 
 21 36 29 10 33 25 35 21 28 28 49 20 
 49 29 39 42 16 27 27 40 26 32 47 48 
 32 44 12 10 23 10 33 42 27 34 34 47 
 24 47 23 33 44 14 11 41 33 30 47 20 
 20 29 39 27 31 40 28 17 
 11 16 42 24 17 35 12 26 23 48 49 23 
 36 19 49 50 16 22 43 20 48 46 41 15 
 19 21 20 40 27 13 21 18 41 22 33 31 
 25 21 35 40 45 12 37 44 10 33 40 13 
 25 11 44 35 10 21 24 11 42 12 42 33 
 20 24 13 33 47 35 14 18 47 39 19 50 
 33 14 14 35 15 25 40 25 50 10 50 17 
 45 33 31 37 19 46 26 20 16 37 22 39 
 22 16 29 28 46 48 39 18 31 48 13 18 
 40 22 44 23 13 35 30 43 35 45 11 33 
 26 27 33 34 30 21 21 17 25 37 13 44 
 32 17 40 31 25 14 38 38 38 21 42 28 
 27 10 48 42 31 28 30 25 43 16 11 47 
 35 37 17 24 13 38 37 26 14 43 42 50 
 26 49 25 34 47 24 19 14 19 11 20 45 
 48 46 23 33 30 18 50 48 10 34 12 37 
 12 26 23 35 11 32 20 35 
 30 30 50 45 28 46 32 40 28 19 37 22 
 21 47 42 38 16 28 44 46 21 48 40 31 
 28 40 30 30 40 18 23 27 13 27 35 10 
 28 27 12 37 32 48 44 40 13 31 10 19 
 11 30 28 30 14 47 47 18 12 25 48 26 
 44 45 10 23 20 19 42 47 13 39 46 20 
 33 15 36 27 49 46 48 34 49 36 48 46 
 19 43 16 12 20 35 42 22 50 44 18 23 
 35 12 23 10 39 39 49 42 19 32 28 48 
 35 26 26 19 26 48 45 39 31 22 45 25 
 10 35 30 32 48 36 37 20 28 42 25 16 
 39 37 16 31 42 35 44 27 46 40 12 30 
 25 14 11 12 48 15 20 26 45 15 46 49 
 32 10 48 11 32 13 31 37 35 50 13 38 
 13 31 44 27 36 39 24 42 32 36 36 30 
 31 25 26 24 10 38 14 46 42 47 27 29 
 25 19 33 24 10 20 20 31 
 16 10 12 22 16 14 6 8 17 13 19 23 
 13 17 16 19 9 10 25 17 20 13 19 8 
 21 23 8 10 9 16 8 15 21 7 13 5 
 12 12 6 17 21 10 5 25 16 17 14 11 
 18 21 12 13 13 24 11 7 8 17 23 5 
 22 18 22 13 24 21 17 21 22 16 21 7 
 25 15 22 20 11 16 25 5 6 9 16 22 
 22 13 8 19 11 23 21 14 7 21 9 20 
 6 14 19 21 13 7 25 13 15 5 21 13 
 21 10 22 22 25 7 19 10 14 24 22 8 
 15 13 10 22 18 11 16 16 5 24 25 7 
 16 11 5 8 12 15 20 16 7 17 18 20 
 11 17 6 15 23 24 19 18 14 19 22 5 
 8 23 20 22 25 20 25 13 23 17 10 24 
 7 10 25 9 16 22 21 20 19 18 15 23 
 18 5 25 8 18 25 15 13 14 7 19 17 
 24 9 18 19 7 20 24 11 
 25 12 8 5 15 9 16 21 13 22 5 9 
 17 25 21 23 24 9 15 20 13 8 5 21 
 12 11 8 14 6 17 24 24 19 19 9 25 
 11 15 24 22 7 16 5 21 16 23 5 21 
 25 5 15 9 5 7 10 9 11 19 8 21 
 17 12 9 9 18 19 13 16 16 12 24 21 
 11 22 11 10 14 24 16 24 24 22 13 18 
 12 15 21 23 15 23 17 6 18 12 13 20 
 21 17 14 19 23 25 12 13 24 15 25 23 
 10 17 23 10 15 19 17 9 18 24 22 16 
 10 25 19 10 12 9 6 24 19 12 11 23 
 25 15 21 18 16 5 14 12 8 17 16 20 
 6 12 20 15 6 10 12 6 12 22 6 22 
 22 19 17 9 15 19 10 24 18 14 19 9 
 12 19 17 21 12 23 21 10 17 15 21 20 
 6 17 11 9 12 6 20 17 12 22 9 25 
 24 25 6 10 22 16 13 23 
 6 13 14 20 8 16 22 19 17 10 8 14 
 6 10 13 19 10 25 5 23 11 23 25 18 
 12 10 20 20 16 20 6 14 7 21 16 12 
 24 23 18 24 9 18 15 21 17 21 9 11 
 21 16 15 15 7 10 22 15 18 14 16 16 
 23 6 20 17 14 11 20 8 9 16 5 22 
 7 11 22 8 11 22 9 19 6 17 9 21 
 11 19 15 23 12 6 11 17 5 24 8 25 
 16 5 8 8 16 10 19 6 20 19 16 19 
 25 15 17 16 6 15 15 13 15 5 17 6 
 18 12 5 6 9 24 7 9 17 21 11 22 
 18 5 7 16 24 24 13 22 12 22 16 14 
 8 15 5 18 15 13 16 10 8 11 6 18 
 23 22 7 25 11 6 6 7 11 7 20 23 
 8 22 13 15 14 12 25 5 13 14 23 8 
 6 7 19 19 9 18 9 16 14 18 14 22 
 6 8 17 14 12 25 20 21 
 16 5 5 6 10 18 18 21 13 5 12 7 
 8 21 7 17 19 20 16 12 16 18 14 10 
 19 6 15 20 21 8 8 25 22 19 25 15 
 23 15 10 12 13 15 9 7 21 7 22 5 
 8 21 15 10 21 9 8 23 21 14 18 11 
 17 19 25 5 10 23 13 7 15 5 11 8 
 8 25 15 11 25 7 18 9 18 18 21 22 
 24 6 13 6 13 20 9 5 5 16 21 17 
 21 12 19 19 14 14 6 20 7 8 17 8 
 25 25 10 7 21 22 17 7 22 6 5 13 
 10 6 23 7 11 7 11 10 20 14 19 16 
 7 11 20 14 10 18 11 21 7 9 6 24 
 24 20 12 17 14 11 17 9 18 10 14 13 
 20 24 23 15 11 13 14 14 25 12 12 21 
 9 16 18 18 20 11 16 16 24 11 22 10 
 21 7 15 24 15 24 10 7 20 19 23 22 
 8 6 15 18 17 14 20 5 
 7 22 7 19 12 11 23 6 9 10 9 18 
 25 7 7 24 10 11 24 24 23 13 11 21 
 14 6 18 21 19 21 17 17 21 8 15 12 
 15 7 5 13 22 7 25 18 9 24 14 14 
 25 15 11 5 20 10 9 21 8 18 6 5 
 5 19 16 21 17 23 22 17 22 8 24 14 
 15 5 24 17 23 18 17 24 13 7 22 5 
 6 19 12 10 17 23 9 25 13 22 23 23 
 15 6 19 20 8 24 11 9 12 22 11 14 
 11 14 10 16 20 19 5 6 18 11 13 16 
 24 15 25 22 22 24 23 8 5 17 21 17 
 11 8 19 14 11 9 17 14 6 19 9 16 
 22 11 23 20 13 24 22 5 19 25 16 6 
 12 6 18 20 13 24 12 16 9 21 17 6 
 21 14 18 15 20 6 22 7 8 24 21 5 
 11 18 5 5 8 16 14 20 8 15 5 24 
 11 10 22 12 25 25 8 22 
 493 493 493 493 493 
 10 100 
 20 46 47 24 43 35 20 50 41 36 16 47 
 45 17 43 49 28 35 10 30 35 12 37 28 
 39 32 48 12 34 48 18 18 10 23 15 14 
 24 17 36 43 24 40 14 42 40 23 46 26 
 31 42 45 15 46 35 46 14 32 21 19 43 
 20 17 15 31 32 43 39 19 19 22 44 50 
 48 17 43 10 10 30 17 38 13 15 28 39 
 46 23 15 39 19 24 49 21 10 24 33 50 
 48 19 28 23 
 20 39 42 49 36 26 30 26 43 41 29 25 
 11 22 17 15 48 28 42 39 19 32 32 10 
 10 35 16 36 45 14 29 27 19 20 20 18 
 18 30 41 21 27 29 22 13 43 42 46 34 
 26 30 50 34 29 24 41 10 34 29 26 33 
 34 41 17 11 14 12 41 14 46 25 30 25 
 15 16 15 23 31 39 36 48 41 18 41 40 
 35 50 36 43 15 30 38 42 10 20 27 17 
 48 27 43 14 
 33 33 50 48 27 33 19 34 43 49 49 23 
 36 28 49 30 42 24 37 25 13 33 17 22 
 32 20 23 22 43 48 37 32 41 24 42 37 
 41 36 38 26 48 16 36 29 37 27 22 20 
 44 16 34 15 12 42 48 13 21 20 26 23 
 50 22 29 41 32 42 48 40 44 36 31 17 
 41 32 45 31 35 30 24 22 13 38 33 50 
 38 28 44 11 45 26 28 37 41 31 16 11 
 33 32 36 41 
 22 47 30 24 39 19 14 16 25 20 28 48 
 30 13 10 22 41 12 35 13 31 34 37 16 
 33 43 32 36 13 14 34 46 10 14 21 21 
 44 47 19 27 46 30 46 26 36 16 41 47 
 15 24 43 12 13 28 33 16 45 33 23 44 
 50 34 41 37 44 12 23 24 41 13 27 47 
 18 20 38 47 39 26 50 17 40 23 46 44 
 50 21 10 28 21 28 50 42 38 48 28 15 
 41 45 11 45 
 39 47 19 36 29 41 43 37 27 12 16 43 
 34 14 12 19 19 16 18 23 30 22 44 38 
 21 39 25 44 48 42 31 14 30 23 32 16 
 47 31 11 43 14 13 14 14 46 14 28 49 
 29 44 39 31 22 17 14 38 25 20 30 39 
 29 24 45 24 33 48 32 25 45 17 48 30 
 39 18 12 41 43 48 10 44 47 42 28 19 
 33 26 43 46 18 34 17 21 37 20 46 43 
 46 14 44 42 
 40 36 49 43 42 41 30 50 39 28 31 31 
 23 19 34 15 21 29 44 25 35 29 16 25 
 47 28 24 39 12 45 23 22 13 12 28 42 
 28 47 23 26 50 37 35 39 16 12 41 25 
 29 14 46 18 10 26 28 28 36 13 41 18 
 22 10 20 21 30 39 31 31 25 28 40 15 
 15 46 41 13 23 49 47 34 24 21 31 25 
 26 32 28 23 28 32 32 27 26 12 18 33 
 38 19 16 48 
 48 50 22 42 42 33 22 19 30 20 20 45 
 14 15 17 45 25 43 45 23 49 27 48 28 
 40 17 17 31 28 24 17 12 50 40 47 28 
 36 27 26 40 42 11 28 40 15 12 12 37 
 18 46 43 21 47 33 11 25 20 25 26 45 
 37 13 22 43 12 40 45 34 30 26 12 16 
 10 13 27 18 45 38 23 37 35 12 38 27 
 16 49 41 20 33 20 31 47 24 35 50 14 
 19 37 37 19 
 18 35 14 11 30 49 31 43 44 43 44 41 
 11 27 20 31 36 47 46 13 43 18 31 24 
 32 26 35 43 18 50 23 45 40 28 20 45 
 19 44 23 29 36 30 28 44 27 42 35 39 
 24 44 11 43 40 23 39 26 29 14 26 42 
 19 43 13 25 19 29 12 13 41 39 45 35 
 12 50 40 39 25 35 19 40 28 29 37 28 
 39 27 41 38 25 33 25 43 18 11 32 19 
 43 30 47 16 
 19 19 29 16 44 41 18 17 11 17 46 38 
 15 39 12 45 37 11 37 25 35 47 28 39 
 33 19 40 20 39 32 50 28 26 42 44 29 
 48 32 15 10 18 26 39 17 38 37 27 48 
 17 26 41 12 36 27 24 19 28 39 47 42 
 24 44 26 24 33 31 48 24 24 20 38 49 
 19 48 18 22 33 39 38 32 23 30 41 43 
 10 36 36 12 27 29 40 37 15 44 12 17 
 38 19 16 15 
 17 50 46 38 12 18 18 33 18 27 40 31 
 44 10 39 16 25 22 41 48 41 22 19 17 
 34 19 39 21 21 28 19 34 33 14 33 46 
 19 20 44 12 19 32 19 35 13 24 49 13 
 29 24 50 29 24 35 39 11 26 47 50 47 
 28 29 16 48 45 19 26 19 46 48 36 17 
 22 14 38 35 48 35 20 13 14 11 26 22 
 34 35 45 29 21 49 22 21 47 21 25 47 
 27 14 48 21 
 25 25 6 7 15 18 16 5 14 20 12 7 
 25 14 9 25 10 14 7 13 17 14 17 11 
 8 7 13 15 17 25 24 23 18 23 18 9 
 9 21 17 16 20 9 14 12 5 12 7 14 
 11 12 22 17 23 22 14 5 20 22 21 5 
 11 23 25 7 19 23 11 17 8 20 12 24 
 18 18 15 13 16 19 9 19 16 9 17 6 
 12 19 6 12 25 24 19 19 25 22 13 10 
 16 20 13 21 
 16 19 15 9 23 16 20 11 15 10 11 7 
 18 10 5 6 11 12 25 24 12 22 23 20 
 25 13 12 19 10 25 20 22 19 5 16 14 
 20 10 15 15 20 9 25 9 24 11 6 13 
 5 13 16 9 24 18 14 24 21 8 23 21 
 12 22 11 10 24 15 22 19 5 21 17 6 
 12 23 18 10 9 25 24 9 25 16 8 19 
 13 11 25 16 5 8 22 5 6 8 18 5 
 21 23 17 24 
 10 22 10 13 14 22 16 20 6 14 9 11 
 18 21 23 24 25 14 9 9 12 16 22 18 
 8 18 15 16 21 11 21 7 14 23 24 15 
 9 20 23 24 16 22 24 21 19 10 18 12 
 16 10 11 7 15 17 16 5 5 18 25 20 
 18 5 13 8 11 6 13 20 5 19 18 8 
 11 22 12 11 22 13 11 11 16 23 22 23 
 12 25 11 13 17 11 16 24 6 17 6 25 
 5 12 24 24 
 10 21 16 18 18 23 7 5 23 23 14 10 
 25 5 16 18 23 15 12 7 13 11 5 5 
 25 20 14 14 13 11 25 14 13 16 11 18 
 12 7 8 13 19 15 18 16 15 8 19 24 
 8 8 20 10 19 11 16 11 10 13 23 13 
 24 9 14 6 7 15 13 12 24 14 22 17 
 10 11 9 14 12 14 21 21 10 9 14 8 
 7 14 18 17 25 21 18 19 18 8 15 7 
 5 16 9 25 
 13 15 23 6 20 19 11 11 12 22 20 20 
 14 8 9 23 7 21 7 6 11 10 23 25 
 6 25 19 10 23 22 23 17 14 16 8 21 
 10 5 25 12 23 24 21 20 6 17 18 16 
 17 23 9 14 13 15 15 7 15 5 25 21 
 19 16 14 13 10 18 8 10 7 7 5 22 
 25 6 13 10 17 15 9 11 5 9 12 5 
 18 9 10 21 20 17 16 11 11 9 23 14 
 18 16 16 12 
 19 23 10 24 9 12 17 8 13 25 8 8 
 16 23 15 11 14 17 23 18 7 16 25 5 
 22 18 20 20 7 20 12 14 13 14 8 21 
 21 15 17 23 10 12 19 9 25 20 23 15 
 11 22 20 12 19 17 9 15 14 19 20 12 
 17 14 24 14 22 10 8 16 16 6 25 9 
 21 9 20 14 15 11 25 9 21 13 10 16 
 25 5 16 22 13 16 8 9 19 16 6 18 
 18 23 15 12 
 21 9 19 15 21 11 8 21 6 23 20 14 
 18 5 15 21 9 24 16 17 5 18 11 12 
 19 18 22 23 16 6 10 10 15 24 5 16 
 8 17 19 9 9 14 12 21 18 19 17 19 
 8 8 9 21 20 17 11 18 11 7 18 12 
 13 25 13 11 11 22 18 17 24 13 20 18 
 25 19 16 8 19 14 10 19 8 8 21 24 
 7 7 6 25 25 6 9 22 9 21 18 15 
 12 12 14 12 
 7 5 19 23 7 6 7 7 21 19 11 12 
 9 10 25 25 20 12 13 9 18 10 19 16 
 23 25 18 21 12 15 22 6 25 10 21 23 
 22 20 13 15 24 6 9 6 23 11 20 11 
 13 16 22 8 24 9 15 6 17 9 22 8 
 19 8 12 12 19 22 6 12 5 16 5 21 
 11 10 12 12 9 5 14 22 22 8 25 19 
 25 7 14 18 16 14 17 15 12 22 8 11 
 18 24 13 8 
 8 7 25 23 9 13 25 17 6 21 19 25 
 25 23 5 15 16 24 20 22 6 22 25 20 
 21 21 15 17 11 22 16 5 11 19 15 5 
 5 18 8 7 19 19 17 15 23 19 9 13 
 5 11 20 19 16 18 25 19 8 25 6 10 
 10 6 6 18 7 12 10 6 7 15 22 10 
 6 18 14 20 17 18 15 5 11 19 12 22 
 14 15 15 8 9 6 24 23 6 13 13 20 
 23 21 11 11 
 6 17 19 12 19 6 25 15 11 7 20 6 
 5 7 19 8 14 8 9 5 10 15 14 12 
 16 21 21 25 12 15 24 14 15 23 13 18 
 19 11 10 25 11 19 17 8 9 14 12 10 
 7 18 17 24 9 13 13 10 15 12 12 24 
 6 18 22 21 9 14 13 14 21 12 18 22 
 25 9 18 24 20 9 6 5 11 8 6 19 
 16 17 21 15 23 17 6 9 25 7 5 24 
 24 17 25 23 
 131 131 131 131 131 131 131 131 131 131 
 10 200 
 48 29 18 43 32 19 22 15 38 36 12 17 
 11 15 38 37 43 44 42 22 25 50 30 48 
 50 45 29 44 42 14 14 14 12 14 44 37 
 48 17 30 44 22 49 26 46 42 38 27 39 
 40 21 49 44 43 27 16 44 17 31 20 47 
 25 26 25 49 19 47 26 22 46 15 38 36 
 13 29 18 35 47 26 22 25 27 44 24 18 
 44 19 17 25 41 13 32 37 12 26 33 28 
 20 19 23 50 21 15 44 34 36 43 13 34 
 23 28 44 31 48 20 32 27 24 32 27 13 
 16 14 33 35 23 47 33 31 30 16 25 27 
 50 27 37 39 15 25 10 33 16 21 24 11 
 50 48 31 48 23 41 33 27 20 43 12 40 
 43 10 18 11 50 28 36 43 13 31 44 50 
 22 20 23 40 32 31 13 42 45 11 31 39 
 45 28 17 46 36 15 47 27 20 49 14 42 
 20 35 34 45 36 12 42 23 
 31 21 37 40 42 13 12 33 26 27 18 14 
 13 26 35 47 29 41 32 34 28 18 38 35 
 30 48 11 38 47 50 44 37 39 48 11 40 
 20 11 17 17 14 38 29 12 21 36 14 45 
 29 14 33 35 23 29 23 20 30 21 12 46 
 17 27 14 46 27 31 42 22 25 37 17 24 
 11 15 38 44 43 27 40 15 50 19 11 22 
 46 37 16 28 33 25 17 32 46 39 35 45 
 41 49 36 30 38 31 35 43 43 41 30 22 
 13 17 27 12 48 50 23 50 18 48 16 47 
 38 32 19 18 29 26 19 26 30 50 34 46 
 45 24 49 20 39 24 46 39 38 34 47 49 
 44 48 14 26 30 36 18 23 26 49 24 45 
 32 23 32 21 48 50 11 29 36 14 28 24 
 33 23 18 44 20 32 42 13 43 22 28 43 
 11 23 49 22 43 25 13 11 43 27 17 20 
 49 12 38 38 44 50 17 38 
 44 46 14 45 29 17 32 38 34 14 40 47 
 17 43 50 29 39 24 20 37 10 50 27 13 
 14 13 36 32 25 26 15 46 31 47 37 30 
 18 43 27 50 28 12 40 46 27 14 35 27 
 27 17 13 16 12 26 32 28 29 34 21 26 
 22 48 13 31 20 12 19 46 23 50 33 16 
 22 32 31 26 24 27 15 37 43 42 14 26 
 45 23 32 11 40 46 24 16 38 28 38 14 
 20 36 30 36 47 29 10 23 35 39 31 32 
 33 19 31 42 27 46 19 41 31 38 25 27 
 18 49 50 15 40 10 28 16 23 38 33 46 
 10 21 30 37 30 28 29 47 45 17 40 18 
 26 47 36 12 17 32 41 21 40 32 35 18 
 43 46 36 15 46 10 43 16 44 34 39 19 
 36 22 31 32 13 16 32 26 25 49 49 34 
 12 19 21 15 44 12 10 35 19 34 30 30 
 48 13 50 29 37 45 18 13 
 21 33 14 50 16 22 30 43 38 47 14 15 
 31 21 25 32 32 37 23 15 31 42 50 35 
 13 14 18 23 48 38 21 19 22 22 12 18 
 15 46 12 43 19 23 22 47 10 28 22 10 
 32 20 10 50 20 29 50 46 28 11 45 40 
 13 49 16 39 16 17 30 37 14 30 30 41 
 29 29 17 34 10 38 18 11 13 26 46 44 
 14 41 18 37 46 30 40 13 37 42 45 28 
 46 39 47 22 24 45 49 10 30 26 37 26 
 17 18 10 11 10 26 14 47 45 11 18 20 
 39 45 10 22 26 27 22 25 17 11 16 30 
 15 50 25 43 49 43 14 48 18 26 33 27 
 42 23 18 41 24 45 23 48 49 19 12 41 
 10 26 17 26 20 11 25 15 46 12 35 30 
 16 16 13 23 47 47 30 35 27 46 10 33 
 32 13 45 49 15 26 41 21 24 29 13 26 
 48 24 14 31 14 30 21 20 
 47 34 34 15 18 34 21 49 33 34 39 44 
 30 39 45 33 26 46 20 18 25 34 27 18 
 37 21 19 30 25 48 47 22 38 50 50 27 
 12 30 21 40 28 34 45 35 24 50 20 47 
 31 48 11 21 16 47 28 35 28 46 48 22 
 27 19 43 43 32 50 47 37 34 47 37 22 
 45 43 23 28 23 25 43 18 43 30 47 41 
 42 45 20 27 48 48 41 38 50 28 19 48 
 14 45 25 46 49 24 29 45 20 45 23 21 
 42 34 15 31 20 21 14 26 30 11 43 25 
 22 47 36 45 50 47 15 42 35 38 41 31 
 27 31 32 37 35 14 27 31 15 30 37 49 
 24 36 16 23 36 20 47 16 24 10 41 31 
 25 14 28 27 46 18 39 30 26 24 35 47 
 32 34 32 16 46 18 40 35 19 40 46 20 
 35 33 16 28 30 16 41 41 18 41 45 47 
 24 46 24 17 23 12 19 40 
 19 14 49 30 36 14 29 30 34 25 32 19 
 48 21 12 48 40 50 32 20 36 44 48 21 
 10 48 10 28 41 49 42 23 29 16 19 28 
 15 39 44 36 42 15 38 48 18 45 47 19 
 36 44 24 11 49 30 14 29 30 21 27 36 
 24 38 32 41 36 48 22 22 16 44 37 49 
 37 21 18 24 15 10 46 46 26 44 44 38 
 29 15 35 29 10 31 37 30 44 11 33 14 
 39 27 30 44 35 27 37 28 42 42 25 12 
 30 36 10 29 41 41 48 19 36 23 32 19 
 22 11 17 24 13 12 43 26 21 19 26 22 
 28 40 23 50 18 25 40 11 16 47 15 32 
 14 15 50 16 10 48 44 33 43 46 39 46 
 10 10 11 37 29 40 11 29 42 18 10 28 
 35 29 21 40 16 18 47 32 26 16 33 26 
 17 49 21 27 30 44 25 22 36 24 44 45 
 13 13 37 29 42 29 47 37 
 21 20 20 14 30 13 47 50 18 43 39 27 
 46 39 29 33 49 28 35 22 13 41 39 49 
 27 11 50 10 39 25 14 30 14 32 21 33 
 26 23 32 21 36 40 41 13 48 36 47 44 
 23 46 19 10 33 17 48 45 28 15 50 19 
 48 12 28 39 32 48 22 50 14 50 50 43 
 28 25 25 41 20 28 47 50 27 16 24 10 
 26 39 38 28 39 35 10 37 47 42 38 11 
 37 41 38 37 50 22 24 50 10 43 33 23 
 43 12 36 40 32 45 28 27 50 39 49 33 
 23 30 41 28 16 15 27 18 14 11 11 29 
 28 39 31 14 18 45 39 10 40 35 12 43 
 37 27 25 40 42 41 32 13 11 27 22 13 
 25 42 13 47 15 30 25 37 12 46 21 30 
 33 12 31 36 19 28 11 46 24 48 21 11 
 27 35 17 40 16 43 49 34 20 41 46 43 
 33 34 11 49 29 40 19 27 
 18 39 11 28 32 16 20 33 40 19 38 40 
 33 22 24 22 33 42 30 27 36 19 49 32 
 46 31 39 35 25 26 42 15 45 42 37 15 
 12 31 20 31 31 44 28 43 10 11 28 31 
 44 17 49 32 29 32 21 37 12 16 26 22 
 35 16 21 44 43 50 15 46 20 33 27 22 
 13 50 40 38 35 21 37 13 10 34 40 25 
 40 26 36 42 41 15 31 17 15 33 43 39 
 49 39 31 23 38 30 48 28 22 38 15 21 
 23 36 12 36 43 20 36 42 34 34 37 27 
 18 42 40 44 46 27 25 48 42 15 21 33 
 12 41 47 30 38 35 31 46 19 11 32 44 
 31 18 40 14 18 18 45 12 16 17 16 27 
 10 38 41 34 26 13 15 19 12 13 18 47 
 26 18 14 25 28 33 45 21 10 15 29 17 
 46 30 31 17 13 13 15 28 39 35 38 42 
 28 17 20 24 33 21 34 17 
 13 34 30 10 20 31 33 32 41 30 36 21 
 11 49 45 19 48 49 28 49 20 33 36 33 
 19 37 12 27 31 30 38 37 13 34 34 34 
 49 29 16 17 44 28 24 16 14 22 45 35 
 23 11 18 29 12 19 49 49 34 34 24 29 
 49 11 46 44 19 43 36 23 10 15 44 37 
 48 45 13 11 40 30 26 38 28 21 42 48 
 33 29 44 49 11 38 21 49 10 28 30 10 
 12 31 21 48 48 30 40 30 20 22 37 36 
 33 36 17 44 12 21 10 41 25 23 24 32 
 32 27 25 41 45 31 36 30 36 39 28 33 
 25 41 45 14 38 15 20 14 24 16 40 24 
 33 27 10 47 15 16 23 36 43 47 26 24 
 45 17 22 36 35 16 27 45 50 23 49 49 
 38 24 24 12 50 35 30 31 47 43 18 39 
 36 27 32 15 13 14 33 31 27 37 21 38 
 21 21 45 48 35 43 40 25 
 20 40 43 35 27 43 37 33 36 20 28 10 
 38 47 32 46 17 34 27 37 12 26 18 46 
 28 18 40 25 17 13 36 40 11 39 43 23 
 38 41 23 41 49 19 45 16 21 32 41 41 
 31 38 42 32 22 50 35 27 35 45 26 17 
 35 18 11 26 20 30 47 20 48 41 25 20 
 33 11 49 45 28 31 27 32 16 28 46 28 
 47 23 45 30 44 45 29 48 13 28 13 34 
 40 50 49 46 26 20 36 19 44 34 33 27 
 22 19 37 11 37 36 20 13 36 27 13 18 
 39 29 50 32 39 23 43 34 47 43 18 17 
 27 46 37 42 38 34 46 32 13 21 28 49 
 21 40 43 39 25 36 25 39 30 42 22 31 
 42 33 14 37 40 23 18 35 27 35 49 11 
 37 28 28 26 15 31 30 11 43 50 43 50 
 13 28 32 12 50 31 15 41 39 14 37 49 
 45 33 45 13 47 31 42 12 
 13 19 21 14 14 22 6 23 11 6 5 11 
 16 12 23 11 11 19 11 9 13 15 14 13 
 15 13 18 21 25 12 19 10 14 18 23 14 
 6 9 8 16 18 9 23 21 14 8 21 17 
 5 24 11 22 11 19 18 25 11 6 20 5 
 21 7 8 23 14 24 5 13 15 23 24 20 
 11 21 9 6 22 21 15 12 5 9 18 11 
 23 25 25 6 18 25 16 24 23 24 17 21 
 5 5 7 21 20 9 6 5 10 7 18 8 
 9 10 21 13 11 14 12 24 7 22 6 18 
 9 9 14 18 11 14 9 21 15 6 14 17 
 22 21 6 21 7 6 9 14 12 22 11 18 
 15 6 5 11 8 23 14 20 13 17 6 22 
 14 15 5 20 21 23 18 8 25 12 13 15 
 25 11 10 23 7 25 14 22 20 11 11 17 
 10 6 12 9 8 19 14 18 18 9 24 13 
 10 7 19 13 13 5 10 16 
 16 10 12 22 12 13 17 19 21 7 14 13 
 19 16 25 25 5 18 24 19 11 23 19 15 
 5 5 22 17 15 25 18 10 10 6 18 5 
 7 5 23 5 25 8 23 22 22 18 10 23 
 7 15 8 5 25 6 22 21 20 18 21 19 
 19 18 17 6 25 15 13 23 15 25 11 16 
 12 22 13 13 10 24 5 20 8 25 9 7 
 12 14 21 25 18 19 15 21 15 21 21 9 
 9 7 13 7 18 18 20 22 12 10 9 7 
 14 8 6 11 14 13 14 7 8 6 23 18 
 17 19 12 21 17 9 21 25 7 9 19 5 
 23 16 22 18 8 9 22 14 9 12 21 13 
 24 24 18 12 9 6 8 15 25 21 5 22 
 19 6 8 18 13 20 17 9 16 16 7 15 
 15 9 7 13 9 21 18 19 7 14 21 23 
 14 22 18 7 24 23 16 17 18 19 6 12 
 11 13 24 24 8 17 25 5 
 20 17 10 12 12 22 21 24 6 14 12 5 
 23 5 6 5 25 17 10 10 11 18 21 12 
 22 18 19 22 9 24 19 21 20 10 21 9 
 17 8 11 21 16 10 6 20 17 14 6 21 
 12 9 23 14 20 19 8 20 12 17 13 25 
 14 5 9 10 5 25 18 11 5 19 6 22 
 21 23 5 12 22 8 8 23 24 23 15 10 
 5 21 6 19 6 7 21 5 17 15 16 24 
 20 6 25 15 21 15 22 20 19 5 19 18 
 23 15 19 22 6 11 16 9 12 8 8 9 
 17 21 25 25 15 11 12 10 17 20 13 6 
 7 23 9 5 19 6 21 24 8 23 22 5 
 20 25 19 13 6 10 25 14 8 23 13 12 
 5 16 11 20 22 22 22 21 12 12 17 10 
 24 10 16 24 6 6 16 23 17 8 6 10 
 15 19 22 13 20 13 23 8 11 14 22 18 
 12 23 16 23 23 21 10 24 
 25 13 12 25 11 25 20 21 20 20 6 21 
 7 11 24 5 20 8 16 22 14 19 8 14 
 19 9 8 5 11 25 12 16 9 8 6 18 
 15 20 6 6 5 12 16 13 16 10 11 11 
 8 16 24 12 19 24 15 13 23 22 17 13 
 9 10 22 16 12 21 22 7 12 21 8 6 
 22 14 17 5 14 21 23 8 20 20 21 5 
 10 9 20 22 16 13 8 19 12 25 15 12 
 24 12 9 6 22 18 11 6 6 5 18 5 
 16 13 12 16 18 18 12 22 18 19 20 25 
 6 14 15 24 14 21 25 11 25 17 24 17 
 21 8 22 10 12 23 16 10 19 24 11 10 
 21 23 8 5 11 21 7 7 9 7 16 20 
 14 16 21 22 7 24 11 9 13 12 21 25 
 21 17 13 25 23 9 7 8 15 20 5 13 
 23 8 13 14 14 10 19 8 12 10 10 8 
 15 17 21 5 19 14 6 11 
 8 13 21 5 7 15 7 7 23 10 9 11 
 5 19 25 7 23 15 16 20 10 10 17 19 
 6 16 11 14 24 24 15 13 22 9 14 18 
 16 8 11 22 16 10 9 13 16 13 24 11 
 6 8 8 13 12 5 21 17 8 11 6 16 
 15 15 17 15 19 21 19 16 13 22 20 5 
 18 9 24 24 11 17 12 7 10 10 23 17 
 23 12 19 7 22 10 18 20 21 5 24 17 
 10 14 23 23 25 11 7 15 5 11 18 16 
 11 21 8 17 11 17 13 10 9 6 5 15 
 17 15 25 24 11 18 19 21 19 12 5 11 
 20 18 7 23 6 14 23 14 16 20 5 21 
 18 17 21 22 22 13 13 22 20 21 9 15 
 18 18 6 6 20 12 11 25 8 7 10 22 
 21 11 18 9 10 11 15 21 10 15 13 6 
 11 20 7 11 25 17 6 10 16 19 6 16 
 18 24 10 15 23 10 21 24 
 21 9 7 23 18 21 5 15 20 8 25 13 
 10 18 16 6 20 8 14 17 22 15 14 6 
 11 13 22 23 17 19 23 22 8 10 25 7 
 6 15 21 23 12 11 17 16 13 24 18 6 
 5 14 17 10 12 6 25 18 11 21 8 18 
 5 13 16 6 20 9 8 22 25 5 25 24 
 22 8 19 21 19 19 14 14 11 7 9 15 
 7 17 7 8 19 21 25 23 7 16 19 8 
 23 19 25 17 24 9 14 14 16 24 5 23 
 24 6 18 8 22 14 9 6 8 15 9 15 
 7 21 8 25 23 14 25 17 16 21 6 11 
 15 7 6 12 17 11 18 5 9 19 24 10 
 12 18 24 7 20 15 15 15 24 25 24 23 
 11 19 24 22 10 16 13 14 13 25 12 15 
 14 22 6 23 19 7 19 17 8 14 5 12 
 6 14 5 25 25 9 25 25 17 6 24 11 
 10 18 12 23 15 11 23 17 
 11 20 6 16 14 11 11 7 11 14 16 23 
 15 13 19 20 19 6 10 8 6 18 9 14 
 8 13 17 25 20 21 23 15 24 24 20 19 
 25 12 23 20 9 23 21 11 15 19 8 15 
 7 23 6 22 25 18 22 16 13 25 6 16 
 25 11 17 23 20 7 18 12 15 19 13 11 
 5 18 14 19 18 22 6 5 5 18 6 19 
 22 15 21 6 22 9 9 24 14 6 24 15 
 16 19 16 6 18 21 20 17 16 15 16 17 
 16 17 23 24 16 6 10 7 8 23 20 9 
 6 18 20 23 11 12 21 25 6 20 19 23 
 23 15 15 14 5 22 16 25 25 23 21 25 
 16 19 25 21 18 19 11 10 7 15 18 18 
 21 21 22 25 11 5 14 11 5 21 11 18 
 13 21 6 12 19 24 24 19 16 18 23 24 
 24 6 25 15 21 21 13 24 12 8 17 7 
 6 8 22 9 20 23 15 22 
 9 8 10 18 19 8 10 19 14 22 5 10 
 23 12 5 8 11 9 19 24 13 14 15 25 
 18 12 24 5 25 10 10 20 15 16 14 10 
 5 8 16 17 25 23 21 24 13 5 16 12 
 17 8 17 10 15 23 19 7 25 18 12 20 
 18 15 18 6 25 9 15 7 19 20 15 24 
 11 7 23 16 16 24 17 10 8 23 16 5 
 12 25 11 5 16 19 24 17 21 17 16 14 
 25 9 13 16 25 5 16 7 10 17 12 8 
 12 25 24 5 6 7 12 22 20 11 9 9 
 15 23 24 14 18 16 20 13 11 8 19 12 
 7 9 5 19 9 6 17 13 6 14 9 19 
 5 15 6 20 13 22 7 7 16 12 24 18 
 12 19 22 18 15 17 6 22 17 23 8 6 
 9 6 13 10 24 20 25 12 10 11 9 11 
 12 18 20 8 24 25 22 23 11 17 9 16 
 16 18 20 20 22 20 23 19 
 22 22 22 10 13 15 16 6 19 16 16 13 
 17 5 12 20 17 12 24 13 25 25 7 21 
 9 7 6 10 14 18 7 24 9 9 11 12 
 24 17 8 20 20 5 10 18 10 16 13 10 
 5 20 21 25 22 22 20 20 20 19 5 8 
 6 21 15 6 9 23 17 25 6 6 23 12 
 14 6 21 22 17 5 23 25 10 7 13 19 
 14 12 5 22 24 18 18 17 16 16 18 15 
 8 9 23 5 15 11 15 23 15 25 24 13 
 24 11 23 9 25 9 5 9 18 25 20 16 
 9 25 15 7 18 16 24 14 5 11 16 23 
 25 20 21 9 7 16 25 9 17 20 7 10 
 13 16 11 18 9 10 17 10 19 15 13 23 
 12 16 17 9 12 25 14 12 12 8 12 9 
 7 14 12 18 8 18 10 11 15 9 9 17 
 25 6 5 11 24 18 16 14 20 16 19 25 
 12 19 21 22 17 14 16 19 
 25 25 25 14 10 18 22 18 18 7 6 6 
 25 15 12 5 9 18 15 23 24 23 8 24 
 20 20 25 5 19 24 19 15 19 8 5 24 
 14 19 8 12 23 23 17 17 11 22 22 18 
 11 11 7 18 8 24 21 10 22 6 23 8 
 23 22 22 12 23 22 6 21 18 21 15 18 
 23 21 21 8 8 17 14 15 19 12 17 20 
 22 14 7 6 17 12 19 6 10 23 24 6 
 20 13 5 10 18 9 21 17 23 22 24 9 
 21 14 6 22 11 6 17 17 10 11 18 15 
 16 25 25 22 10 22 21 11 7 7 6 5 
 14 16 25 10 18 23 22 19 17 12 13 20 
 21 17 24 7 5 17 19 16 22 7 16 7 
 10 21 6 21 11 23 21 9 7 14 20 20 
 19 12 14 24 25 15 5 14 11 17 23 19 
 19 19 13 10 8 16 18 6 21 5 8 7 
 13 12 8 14 22 24 18 5 
 243 243 243 243 243 243 243 243 243 243 
 20 100 
 15 15 48 38 45 16 14 50 30 35 29 19 
 43 33 26 21 16 29 45 26 40 19 11 19 
 50 16 23 11 46 29 37 34 48 14 15 37 
 11 39 16 28 30 43 20 18 40 28 25 18 
 41 33 19 24 11 11 19 30 43 20 34 49 
 31 25 22 11 26 11 28 19 37 32 35 14 
 50 41 37 45 39 15 10 22 25 26 21 48 
 40 31 39 40 29 17 21 40 24 20 25 27 
 32 47 44 35 
 27 45 27 28 42 42 46 27 31 49 45 47 
 23 22 15 12 31 11 25 45 35 14 18 41 
 37 11 46 14 14 29 33 26 49 11 26 46 
 25 46 27 29 10 33 21 22 35 26 19 14 
 14 13 46 41 29 46 33 48 45 50 35 23 
 22 15 22 40 14 39 17 42 41 43 13 15 
 15 41 32 39 41 30 26 48 25 27 46 23 
 46 16 46 32 30 29 19 23 11 13 10 17 
 42 40 21 32 
 34 13 13 49 49 31 39 26 49 13 42 43 
 20 50 40 25 20 20 11 26 14 16 19 22 
 38 17 11 42 49 17 11 27 14 43 49 10 
 35 16 38 31 48 27 47 33 43 48 39 40 
 36 18 17 43 27 45 50 27 25 12 10 12 
 40 22 34 41 14 50 34 40 23 12 22 20 
 12 29 33 27 17 38 48 17 37 42 47 29 
 19 39 35 45 39 10 50 49 22 37 10 42 
 50 16 18 17 
 29 49 13 39 19 47 50 13 33 45 24 27 
 30 29 14 34 25 50 20 38 48 14 21 50 
 48 48 16 41 42 39 24 41 27 41 32 50 
 50 15 38 40 23 21 38 18 49 29 10 46 
 44 16 37 10 44 12 35 11 50 12 39 44 
 13 38 49 25 40 33 49 16 29 21 31 12 
 44 50 37 18 29 38 18 30 38 50 37 44 
 46 26 12 29 47 19 20 19 13 46 21 26 
 10 40 29 20 
 26 16 38 17 36 21 39 12 50 42 35 50 
 14 27 41 20 13 21 49 18 21 42 17 11 
 34 43 47 39 48 43 12 21 13 23 43 36 
 23 34 16 26 14 15 31 30 23 36 25 17 
 10 35 12 30 41 25 40 24 49 37 42 35 
 23 33 33 17 26 12 40 32 34 37 16 43 
 10 42 31 32 37 10 41 35 47 12 28 18 
 13 41 10 22 16 25 18 46 13 10 37 48 
 45 25 40 27 
 20 28 40 44 30 32 33 17 35 15 10 29 
 32 49 31 32 14 10 47 46 42 35 42 43 
 17 24 45 27 34 48 26 19 16 12 40 11 
 45 48 50 46 38 45 12 35 23 25 12 21 
 39 25 20 14 50 41 31 13 38 10 31 31 
 19 19 36 30 22 44 45 45 15 17 26 34 
 31 18 37 49 19 14 16 34 50 22 35 49 
 31 47 38 47 43 37 44 13 13 24 41 14 
 41 26 36 43 
 44 19 44 40 43 27 31 21 43 37 21 16 
 10 30 29 26 40 45 10 48 42 16 45 48 
 11 17 26 29 39 32 29 21 15 41 33 20 
 26 11 11 26 21 20 18 15 50 46 16 24 
 34 16 27 23 10 35 31 44 31 23 29 29 
 26 21 33 39 40 17 23 29 16 39 32 13 
 25 44 12 13 21 34 41 36 34 10 23 36 
 47 22 30 33 35 12 22 29 17 44 10 27 
 10 33 14 19 
 15 25 18 13 28 12 24 14 19 48 23 18 
 47 28 25 49 11 42 25 43 50 28 33 20 
 30 38 39 43 45 42 20 44 27 16 10 13 
 30 23 47 41 25 31 37 42 20 15 36 45 
 12 42 35 22 45 18 20 13 47 30 28 15 
 43 23 31 12 16 27 43 41 10 40 45 12 
 21 14 29 19 48 28 29 21 38 21 29 36 
 14 41 38 41 11 17 41 38 10 31 48 15 
 38 41 21 41 
 16 14 41 28 35 39 20 20 45 32 35 40 
 41 28 11 31 16 24 33 28 35 43 17 39 
 14 22 45 41 24 47 50 38 36 49 28 48 
 18 32 26 36 32 20 14 17 18 37 21 29 
 10 45 48 45 29 41 48 27 29 26 14 16 
 36 48 21 16 44 33 15 46 45 12 14 11 
 14 16 26 10 11 35 50 14 23 46 15 15 
 31 33 17 50 49 19 38 48 15 12 25 37 
 36 47 24 18 
 34 47 28 15 19 30 19 13 25 13 42 48 
 22 42 46 47 41 50 46 33 13 47 13 19 
 28 39 23 40 33 37 49 21 28 49 22 32 
 17 23 37 41 27 15 18 29 41 34 20 21 
 22 11 45 22 47 24 11 34 24 32 13 47 
 39 21 20 46 32 23 27 47 45 22 18 46 
 29 12 32 17 14 13 37 42 24 45 43 19 
 15 13 37 14 38 30 24 33 43 44 41 24 
 17 23 25 41 
 40 48 34 40 47 24 49 30 23 41 43 29 
 18 49 19 29 10 27 27 21 27 36 41 18 
 15 19 27 28 36 30 35 37 47 22 50 12 
 20 40 31 43 10 44 44 44 19 49 27 50 
 27 25 14 14 33 22 39 16 32 11 29 25 
 26 33 27 15 50 23 44 12 12 15 11 32 
 25 19 16 44 46 38 37 43 43 38 45 11 
 21 11 32 43 34 30 32 45 49 32 46 35 
 20 35 49 29 
 10 38 19 11 16 33 32 47 43 20 48 46 
 20 43 18 10 39 33 23 30 22 37 34 12 
 49 34 50 34 33 27 31 27 45 42 36 32 
 41 21 14 49 35 48 15 17 25 47 49 27 
 20 47 11 30 24 19 46 35 13 15 32 28 
 25 44 12 33 30 10 37 27 16 26 24 25 
 13 22 50 32 27 46 21 15 21 21 30 13 
 11 37 13 36 17 42 17 34 38 33 24 50 
 45 16 33 45 
 46 40 12 49 13 11 13 45 19 23 38 29 
 22 12 26 31 17 15 15 39 14 26 25 25 
 17 15 37 20 50 21 25 15 15 44 25 12 
 31 14 43 50 19 33 12 20 47 46 17 50 
 20 29 26 45 46 12 31 14 11 37 29 27 
 12 34 12 26 35 48 43 28 29 39 28 39 
 28 37 35 40 42 36 19 36 21 24 32 34 
 34 11 40 14 13 13 39 50 20 34 24 43 
 37 50 18 24 
 12 20 13 44 30 26 46 37 40 25 40 37 
 48 12 32 48 27 43 14 34 40 11 33 47 
 49 49 45 31 21 37 40 31 31 22 38 12 
 34 19 42 20 35 25 38 16 26 35 43 21 
 36 16 28 43 11 44 35 36 34 33 12 35 
 47 25 49 14 16 39 10 15 31 24 31 17 
 26 17 11 17 33 43 10 34 36 50 30 49 
 31 34 41 13 36 32 20 15 40 19 39 42 
 26 32 39 39 
 38 39 39 33 17 30 27 42 43 14 17 19 
 44 28 42 18 27 11 21 36 40 20 32 16 
 29 12 19 38 42 12 21 29 14 48 20 12 
 13 22 28 50 16 38 40 13 44 48 40 38 
 32 38 40 16 33 20 49 36 26 28 12 25 
 45 40 10 10 23 25 28 40 25 40 31 43 
 18 30 25 28 21 11 35 30 19 41 14 48 
 49 21 23 33 28 35 14 48 25 21 13 48 
 32 15 46 16 
 27 18 45 16 17 15 18 15 46 34 28 39 
 29 18 37 42 43 25 21 46 13 35 35 45 
 14 36 30 41 31 50 31 22 35 21 35 50 
 45 49 35 26 30 34 19 25 44 37 11 48 
 13 40 24 30 28 14 17 18 48 48 15 13 
 36 28 37 38 31 43 38 17 35 12 26 49 
 13 24 37 30 30 31 17 15 44 42 47 22 
 18 33 40 25 44 32 36 23 44 41 49 22 
 42 45 45 34 
 30 18 35 12 36 21 28 12 18 45 28 33 
 22 17 17 14 35 14 34 24 46 12 33 50 
 38 47 27 31 13 37 41 12 10 47 41 23 
 21 14 49 10 23 30 29 46 40 43 17 40 
 34 34 22 31 20 20 23 30 24 30 24 21 
 20 38 46 26 24 26 35 48 20 40 33 19 
 41 49 21 18 29 40 42 10 33 36 46 41 
 17 16 16 20 31 49 27 47 19 37 31 23 
 21 35 23 28 
 43 21 27 37 13 30 18 17 49 22 41 36 
 35 31 36 26 12 10 12 35 33 26 37 21 
 49 30 43 36 17 20 24 50 27 14 29 14 
 26 14 48 44 42 50 38 24 26 21 18 21 
 23 20 11 48 27 36 28 37 34 22 42 50 
 49 36 31 12 31 42 33 27 28 27 30 39 
 33 33 50 44 16 37 34 35 30 34 41 30 
 34 19 29 45 22 29 21 13 18 47 10 38 
 40 13 27 26 
 33 47 22 43 12 10 47 41 40 14 15 19 
 19 47 47 34 17 27 43 13 24 32 49 33 
 12 46 24 25 40 10 31 41 36 36 12 36 
 13 30 33 40 33 43 31 22 19 22 45 29 
 48 19 43 11 15 24 26 11 18 14 24 12 
 21 41 20 20 18 30 44 14 33 27 48 26 
 38 37 41 31 24 15 50 24 15 23 21 48 
 15 45 48 12 10 43 20 16 21 44 43 34 
 23 10 11 36 
 31 27 42 20 39 21 21 11 31 48 23 25 
 37 16 19 26 46 24 43 18 25 50 34 33 
 36 45 21 28 39 30 27 15 12 22 41 46 
 45 10 39 29 38 28 48 40 12 44 15 32 
 12 19 13 50 44 24 19 35 29 39 32 26 
 37 47 14 47 26 16 25 41 49 46 17 48 
 11 39 34 32 24 20 40 49 27 17 37 46 
 29 21 28 17 47 30 23 14 12 10 30 42 
 43 20 47 24 
 22 14 15 21 13 5 16 19 8 13 19 16 
 8 9 15 17 13 24 15 6 10 16 11 16 
 23 19 24 6 12 20 13 18 11 13 7 18 
 24 18 19 15 16 8 11 8 24 25 14 20 
 19 15 21 5 20 17 21 23 24 11 18 5 
 11 12 12 18 9 5 20 8 22 6 15 16 
 25 25 23 20 6 24 21 5 15 9 18 16 
 12 10 23 20 11 6 14 8 20 5 21 11 
 15 11 22 21 
 24 21 17 21 18 18 17 5 24 10 10 20 
 5 17 20 20 24 10 9 13 7 18 5 16 
 18 15 6 24 21 7 9 11 25 15 18 6 
 15 22 25 14 25 14 17 7 7 21 25 9 
 11 11 12 11 24 17 19 20 7 22 8 19 
 8 24 25 5 5 10 25 10 23 22 23 20 
 23 6 10 12 10 17 20 25 16 17 16 21 
 25 5 24 21 9 10 6 21 13 5 19 20 
 6 8 24 7 
 23 20 15 9 11 25 18 18 15 20 18 15 
 20 11 5 6 6 23 18 8 9 10 15 13 
 22 12 8 19 9 18 16 14 6 10 12 16 
 6 11 23 7 14 15 21 23 5 5 22 13 
 19 20 25 23 14 16 7 17 13 17 17 17 
 20 11 21 25 18 24 13 6 25 11 5 23 
 12 22 14 14 18 13 21 7 20 5 17 12 
 12 24 11 15 19 7 14 19 24 25 14 14 
 14 24 23 12 
 5 15 24 6 6 18 12 9 6 13 18 11 
 24 21 13 16 14 18 14 9 20 6 19 16 
 10 19 8 15 22 8 12 16 12 17 12 18 
 25 10 16 15 19 10 24 9 12 20 17 21 
 11 25 17 20 11 10 15 11 8 21 13 22 
 22 10 20 12 25 17 22 18 6 25 13 9 
 7 9 6 24 23 13 21 24 18 14 22 6 
 19 10 13 17 10 18 16 5 5 18 11 21 
 11 17 21 7 
 5 19 18 19 24 25 10 16 22 6 24 12 
 10 23 23 8 22 12 12 14 11 5 18 19 
 16 12 19 12 16 5 14 24 5 25 13 18 
 24 11 18 8 9 17 12 20 7 10 15 5 
 8 16 17 14 6 23 22 12 9 8 22 9 
 10 15 25 6 22 10 6 13 25 10 6 22 
 17 18 17 13 7 22 8 15 23 15 19 15 
 13 12 22 16 13 18 5 20 23 21 9 13 
 23 17 12 19 
 24 7 13 16 7 18 20 6 12 25 10 15 
 16 19 16 7 11 20 14 21 6 25 24 24 
 7 5 25 22 6 20 14 20 22 11 9 10 
 17 18 5 25 5 12 25 22 15 10 15 10 
 22 19 8 16 19 8 16 9 18 12 24 7 
 6 9 20 7 23 15 5 24 11 14 6 19 
 13 23 12 11 18 5 8 10 9 25 12 9 
 15 22 9 14 10 12 16 6 5 10 5 6 
 8 18 5 15 
 9 18 5 13 22 18 10 21 13 17 14 7 
 17 17 11 9 9 12 16 6 24 19 5 15 
 19 21 15 8 7 23 14 22 23 13 7 19 
 21 23 15 24 23 11 20 5 14 22 6 24 
 8 24 18 23 17 11 19 8 13 15 17 14 
 5 16 11 22 13 20 6 18 21 8 17 16 
 18 8 18 23 8 7 15 18 11 11 21 8 
 13 10 13 19 8 20 7 15 15 9 12 9 
 16 12 24 20 
 15 9 25 9 6 24 8 25 11 7 13 20 
 6 5 20 19 16 5 6 21 14 18 10 11 
 5 18 12 22 17 18 6 6 18 6 24 19 
 23 5 18 25 15 21 13 14 19 14 17 20 
 10 6 13 6 15 6 17 13 12 22 20 15 
 15 19 9 6 7 22 16 16 17 18 21 8 
 14 8 23 5 22 14 18 25 24 9 23 9 
 24 14 23 19 9 5 25 22 19 13 14 19 
 20 24 21 13 
 9 19 17 9 25 17 9 18 20 21 19 17 
 6 15 23 20 8 7 12 18 15 19 9 17 
 12 10 8 11 17 5 14 22 11 21 14 11 
 6 19 14 16 13 22 21 10 9 7 18 9 
 6 5 17 6 8 14 16 14 8 18 7 22 
 20 23 8 11 9 10 6 5 19 7 18 22 
 9 22 13 6 5 16 10 9 9 23 13 12 
 11 8 22 6 13 15 12 18 14 17 14 14 
 18 8 15 14 
 24 25 16 18 12 16 10 17 11 14 17 7 
 17 6 7 12 5 25 22 25 24 15 14 15 
 5 14 17 17 5 10 8 8 25 12 23 6 
 15 16 16 24 21 20 13 14 5 20 9 12 
 16 8 8 20 10 8 6 19 21 25 21 10 
 13 6 21 8 8 21 6 8 22 9 18 16 
 15 14 11 17 21 21 19 7 11 10 9 25 
 13 18 12 5 10 21 6 22 11 20 15 5 
 23 23 17 25 
 10 15 12 14 15 24 20 25 19 20 21 23 
 18 6 10 8 6 20 23 19 6 24 10 19 
 24 11 19 18 16 14 16 14 10 8 23 7 
 22 21 25 25 11 22 7 11 7 16 13 20 
 15 7 11 13 22 15 6 8 6 12 8 15 
 21 18 25 17 24 18 18 14 20 19 7 22 
 19 9 16 17 12 22 19 9 16 6 24 11 
 11 22 6 17 8 9 5 14 10 20 22 11 
 22 7 16 23 
 17 19 7 25 15 14 15 13 6 13 22 25 
 19 18 9 5 13 17 18 10 6 5 20 24 
 19 10 21 15 9 15 19 9 20 25 23 16 
 25 7 15 21 5 23 16 13 23 15 25 18 
 6 16 5 13 13 17 7 19 5 24 13 6 
 25 12 18 23 20 24 25 23 5 11 18 12 
 9 5 10 22 22 9 13 21 11 19 11 10 
 11 14 12 7 7 19 7 22 15 5 11 17 
 7 9 24 7 
 5 23 7 8 16 5 12 18 20 24 7 14 
 12 12 12 25 16 21 23 25 5 20 9 16 
 21 16 21 18 17 18 7 14 7 15 20 19 
 7 6 5 6 14 16 23 8 11 25 5 21 
 14 17 16 16 23 15 20 6 15 20 20 21 
 25 12 19 5 23 15 13 24 8 20 10 13 
 11 20 5 22 18 8 22 20 24 16 17 14 
 25 16 19 6 22 5 25 9 8 18 19 24 
 17 22 15 13 
 24 19 24 23 12 21 5 5 19 23 11 25 
 17 6 15 24 17 19 22 11 17 18 21 18 
 6 24 25 11 5 12 20 24 21 23 21 18 
 9 20 22 16 5 10 19 15 15 9 8 18 
 7 6 22 14 8 15 20 8 20 5 11 7 
 17 14 8 24 9 15 11 23 6 14 20 21 
 9 18 8 14 12 23 21 19 7 22 6 8 
 16 10 21 13 13 22 9 14 13 12 8 10 
 19 23 25 21 
 19 13 10 18 25 16 19 20 15 17 24 20 
 7 16 25 6 12 9 7 15 11 17 7 11 
 25 5 15 10 25 19 25 13 15 21 13 13 
 7 21 7 13 23 18 15 20 24 24 19 20 
 19 16 14 25 20 17 11 16 16 5 8 19 
 21 19 13 21 13 15 14 23 15 11 6 11 
 23 5 20 10 9 23 8 19 13 25 19 22 
 8 16 21 8 23 20 19 23 24 23 9 5 
 5 11 25 11 
 8 12 7 13 20 13 9 12 25 15 11 16 
 21 5 7 16 8 8 16 5 13 9 20 16 
 12 18 8 7 16 15 5 13 9 13 18 17 
 5 10 24 13 7 9 21 19 23 24 13 7 
 11 17 13 5 6 11 14 22 6 11 23 5 
 18 8 23 12 20 6 21 18 6 20 6 13 
 20 17 8 18 8 18 16 25 11 5 24 25 
 15 14 10 13 9 18 22 20 20 8 9 23 
 5 9 17 14 
 19 18 12 20 5 14 22 23 22 23 23 25 
 6 24 17 18 22 23 5 15 25 16 11 7 
 20 5 5 5 14 24 5 21 14 18 18 10 
 9 20 25 19 18 25 5 15 13 6 20 22 
 22 16 21 18 19 7 14 6 9 25 18 14 
 15 15 20 11 12 5 12 12 18 21 19 16 
 23 6 6 13 12 11 15 10 23 8 7 24 
 21 21 10 13 10 5 20 9 19 15 12 23 
 6 20 6 21 
 21 25 23 20 15 5 12 25 5 22 23 18 
 23 5 21 24 19 5 17 6 17 21 14 23 
 19 19 10 6 22 17 21 23 8 5 11 16 
 25 10 17 5 17 24 20 18 13 11 25 17 
 5 18 7 20 17 19 6 12 9 25 21 18 
 15 6 23 12 14 21 17 11 15 8 22 19 
 11 10 21 24 18 22 8 14 15 18 12 8 
 7 23 11 9 7 16 5 7 15 11 5 13 
 12 14 8 9 
 20 19 15 20 18 16 14 7 9 6 11 15 
 22 11 18 8 20 9 11 12 10 22 23 8 
 22 9 9 21 19 10 12 15 5 16 10 13 
 25 22 10 20 16 11 15 5 24 5 10 12 
 14 9 14 9 20 14 9 11 9 13 23 16 
 12 22 9 12 9 7 9 9 24 11 11 12 
 16 17 12 5 21 13 9 15 5 9 14 18 
 17 10 17 6 20 9 19 14 13 23 21 24 
 22 17 22 13 
 7 15 20 15 19 15 19 22 12 14 13 7 
 21 8 14 5 7 10 16 5 11 19 19 14 
 24 14 22 11 24 21 23 15 11 25 13 18 
 7 16 22 11 24 8 17 22 15 22 23 7 
 16 21 13 17 11 17 12 9 7 19 7 18 
 9 10 14 15 12 19 6 10 15 21 10 18 
 18 23 12 11 20 17 15 10 10 11 12 9 
 20 14 13 19 10 6 6 24 24 13 25 5 
 9 21 12 21 
 68 68 68 68 68 68 68 68 68 68 68 68 
 68 68 68 68 68 68 68 68 
 20 200 
 37 17 44 29 48 20 39 10 27 44 46 42 
 15 18 18 35 47 43 12 12 39 17 21 19 
 23 43 47 50 45 17 17 47 48 44 29 19 
 49 26 33 50 11 36 22 29 28 33 33 31 
 31 18 47 24 49 29 34 41 41 44 35 23 
 46 45 21 25 40 27 42 26 21 40 43 36 
 38 22 20 37 17 17 44 29 16 20 29 46 
 19 14 29 20 20 18 37 35 41 14 43 38 
 26 42 37 39 18 45 48 31 31 48 46 15 
 43 38 12 44 26 17 43 14 49 39 18 38 
 36 47 44 45 34 18 19 21 44 32 27 27 
 16 31 17 14 16 29 38 13 47 13 12 10 
 28 46 27 11 34 17 11 13 27 39 22 31 
 28 39 43 28 30 49 35 18 37 36 36 46 
 46 28 29 18 16 29 33 24 12 12 11 12 
 39 34 49 27 34 11 30 29 34 27 38 33 
 28 11 20 20 25 28 23 22 
 31 18 26 38 23 21 14 16 35 11 42 13 
 10 19 47 35 45 12 23 17 23 21 43 48 
 26 30 33 18 50 25 11 42 31 42 49 15 
 21 11 14 38 13 47 16 31 18 35 34 32 
 27 38 47 28 12 29 11 43 34 43 19 16 
 22 50 25 39 48 48 10 36 50 34 41 20 
 11 30 47 18 17 30 32 14 16 31 42 37 
 21 28 49 27 47 14 18 37 19 17 46 28 
 25 14 40 42 28 49 17 11 34 23 20 26 
 45 44 19 16 28 46 43 34 34 44 15 50 
 41 22 44 44 41 10 46 21 13 29 38 35 
 44 26 20 19 33 34 37 48 23 42 46 28 
 23 43 18 30 38 30 46 37 18 49 41 14 
 50 41 32 32 45 50 40 36 27 24 41 10 
 20 22 49 11 37 41 36 42 27 14 31 17 
 25 29 26 35 47 28 11 31 13 47 46 29 
 16 19 14 43 29 30 24 29 
 33 14 24 27 15 25 25 47 49 19 37 41 
 30 14 38 48 13 41 10 30 23 19 43 22 
 48 33 25 34 29 42 27 40 14 28 24 21 
 12 28 49 32 38 25 44 10 12 45 37 39 
 32 38 23 49 13 36 10 18 43 12 27 45 
 46 21 21 45 48 26 44 21 45 11 49 24 
 13 29 37 50 13 30 11 10 40 38 14 23 
 44 21 10 25 50 30 32 11 25 24 14 45 
 43 42 11 30 10 26 46 50 12 16 11 25 
 40 49 25 43 37 49 37 26 15 32 20 49 
 20 24 23 49 35 32 44 41 10 19 30 33 
 16 11 13 13 20 43 20 19 22 26 12 14 
 49 26 42 32 35 11 50 11 49 45 37 48 
 26 36 24 31 29 48 14 32 50 36 37 18 
 43 29 46 13 14 19 24 46 41 38 32 32 
 11 33 20 37 15 49 47 41 36 37 21 14 
 37 47 16 49 21 16 37 48 
 31 50 49 50 35 11 24 11 48 15 23 37 
 19 17 10 48 22 23 37 38 23 42 16 25 
 38 46 17 42 47 39 48 42 40 44 39 27 
 23 36 10 29 43 43 47 35 15 14 10 42 
 36 21 47 28 32 28 23 19 20 22 16 30 
 46 38 16 20 28 20 43 25 45 14 13 11 
 27 31 26 36 41 43 47 21 47 49 49 18 
 27 23 11 32 35 20 24 12 21 37 47 42 
 17 18 20 18 50 37 18 33 23 41 20 26 
 21 11 16 22 28 17 28 37 21 21 21 13 
 37 37 25 44 20 27 31 43 14 24 25 45 
 29 43 45 46 38 42 21 10 44 37 11 41 
 19 27 27 48 29 25 49 36 44 13 18 40 
 12 50 21 41 47 14 44 39 21 21 24 39 
 21 30 33 13 41 43 39 34 40 10 18 35 
 27 49 44 10 19 44 16 13 11 35 18 10 
 10 32 37 32 24 47 43 44 
 28 34 35 38 29 44 17 35 16 44 30 41 
 39 31 30 45 29 48 45 37 37 40 19 44 
 20 31 20 39 43 47 22 48 16 28 21 26 
 28 22 21 37 18 36 23 48 49 44 22 47 
 44 14 23 43 28 12 15 35 19 33 20 49 
 45 34 34 37 48 16 39 18 22 50 38 32 
 17 43 13 16 48 45 34 43 16 44 46 19 
 13 28 29 33 50 49 40 32 41 33 28 38 
 48 31 27 34 38 47 47 49 10 30 29 44 
 28 42 27 17 45 23 20 15 19 10 40 49 
 22 37 15 16 47 34 23 35 47 14 20 31 
 26 21 24 38 17 30 34 49 27 50 42 35 
 50 26 27 20 41 14 17 11 28 27 15 50 
 42 39 36 11 16 17 27 26 21 33 17 27 
 43 26 43 49 45 14 28 38 15 40 42 38 
 33 21 50 47 22 35 45 37 47 14 36 29 
 34 38 28 15 23 25 29 43 
 34 29 48 37 47 50 12 49 33 37 11 14 
 37 22 13 42 26 26 39 23 50 21 23 28 
 41 24 20 12 33 36 15 31 43 40 11 29 
 41 38 15 45 12 19 21 33 17 15 22 41 
 42 35 29 31 41 46 36 29 41 32 12 10 
 18 27 47 14 24 46 32 17 39 28 49 48 
 11 17 45 36 21 10 23 47 16 46 19 24 
 12 41 23 50 21 28 27 21 27 13 25 17 
 38 25 20 12 16 43 39 33 29 12 32 24 
 20 24 37 23 42 29 30 22 44 13 10 27 
 35 46 22 36 33 13 49 20 46 25 22 46 
 34 29 28 17 50 11 28 19 31 43 36 10 
 31 25 10 25 14 16 12 16 37 28 47 23 
 14 19 49 44 35 39 17 46 33 25 50 17 
 41 11 50 18 32 19 29 49 45 25 50 11 
 11 29 43 32 47 26 46 10 32 30 28 28 
 15 11 37 40 42 37 12 46 
 33 40 48 39 45 38 18 15 43 46 44 17 
 43 45 26 48 27 41 16 46 31 12 27 30 
 21 35 48 35 11 38 17 34 41 31 27 37 
 18 30 38 29 13 14 28 20 41 20 40 35 
 45 20 11 34 39 23 38 27 30 30 30 16 
 15 13 41 35 24 27 47 28 21 17 38 46 
 44 47 50 13 22 46 38 46 32 23 16 19 
 49 48 46 33 44 27 17 27 11 34 12 19 
 45 20 19 47 50 30 41 18 49 47 49 10 
 47 16 47 48 21 16 29 25 16 39 31 24 
 47 46 19 11 43 23 15 34 29 33 30 23 
 19 24 23 22 45 28 20 45 19 38 45 50 
 31 34 25 13 21 41 46 11 49 12 15 50 
 35 29 46 47 48 34 18 30 12 49 36 50 
 34 32 12 45 46 24 47 18 23 20 28 44 
 27 24 19 48 43 44 41 42 37 30 14 25 
 33 22 19 37 36 38 43 50 
 40 49 47 42 39 19 21 40 23 29 41 37 
 42 49 31 23 45 45 25 28 23 14 26 14 
 23 24 40 32 17 17 41 14 31 19 40 44 
 34 35 48 39 41 21 37 50 36 23 36 26 
 15 28 32 26 49 17 18 16 40 16 21 24 
 50 20 22 10 39 30 41 39 28 10 42 18 
 29 27 45 39 24 27 22 25 18 38 15 31 
 15 45 45 36 47 44 38 38 31 48 12 27 
 41 39 33 31 26 15 33 19 45 25 25 20 
 25 25 13 27 21 25 28 18 28 30 29 33 
 33 18 18 38 20 32 30 49 36 31 13 46 
 33 48 43 45 49 24 34 29 21 32 24 37 
 16 49 11 23 34 34 11 48 11 43 25 50 
 42 31 49 20 48 21 33 46 18 35 49 11 
 24 21 20 37 38 33 25 19 18 39 46 18 
 25 50 25 39 19 50 15 35 45 35 35 46 
 42 12 37 14 38 31 19 40 
 20 40 28 36 26 20 18 15 26 32 21 33 
 39 36 16 45 34 36 37 13 19 39 28 27 
 11 36 22 32 28 22 40 45 28 14 33 38 
 19 35 43 29 23 14 43 40 33 42 48 21 
 21 33 35 27 42 50 24 25 50 34 42 38 
 50 39 27 23 24 29 26 30 13 48 49 20 
 15 41 29 27 11 44 10 43 48 15 47 13 
 31 41 49 20 35 13 41 30 49 46 11 50 
 47 34 11 22 10 37 20 27 33 36 34 42 
 21 29 36 25 45 31 43 10 30 37 45 31 
 31 14 20 27 13 10 19 37 39 10 47 40 
 15 31 17 48 50 32 43 32 32 31 44 38 
 48 33 48 34 45 30 27 34 42 23 32 23 
 17 34 29 17 49 48 45 50 37 25 10 39 
 24 50 16 41 20 15 31 35 35 46 21 38 
 47 19 45 45 17 15 23 33 16 23 13 21 
 26 22 50 35 46 25 46 37 
 17 19 50 13 43 32 26 46 49 42 15 38 
 10 15 21 40 11 35 36 11 10 15 18 38 
 25 41 41 40 20 45 45 34 35 19 48 33 
 42 24 13 18 35 20 15 25 32 37 32 31 
 22 35 44 50 44 16 44 15 44 40 12 45 
 18 27 39 25 25 38 13 40 43 20 49 21 
 44 13 22 10 15 31 29 31 28 38 35 18 
 43 41 44 22 24 23 10 11 24 43 16 41 
 42 11 43 35 36 19 22 40 30 37 50 25 
 24 32 35 11 36 14 11 47 20 29 46 42 
 12 22 15 39 25 12 38 31 40 23 44 37 
 14 29 19 19 50 20 44 37 48 45 28 22 
 34 44 29 45 31 15 31 20 37 20 22 44 
 12 25 38 25 42 29 18 44 14 25 39 24 
 24 38 47 33 40 44 20 31 32 34 38 17 
 13 40 14 19 31 27 38 45 21 18 26 12 
 50 10 25 32 38 32 31 37 
 19 35 33 20 37 10 17 45 29 42 42 32 
 31 31 45 23 32 41 44 37 49 18 44 17 
 12 18 11 37 48 44 22 38 44 25 31 23 
 39 15 16 30 43 32 16 12 28 47 45 50 
 19 10 37 34 18 20 46 27 21 13 24 32 
 13 23 33 49 49 10 44 46 50 18 12 32 
 38 41 33 23 38 35 10 41 39 32 26 29 
 15 29 24 25 30 23 39 50 26 20 35 47 
 11 22 47 29 38 27 31 14 40 10 16 25 
 11 29 12 13 38 31 34 35 10 15 41 34 
 20 27 49 23 22 16 35 10 11 40 30 16 
 15 19 12 18 20 32 24 39 27 35 34 24 
 28 41 16 41 17 42 33 35 33 30 16 20 
 21 38 34 36 33 31 38 26 38 20 11 45 
 14 27 10 25 48 25 12 10 45 45 25 16 
 12 18 12 10 15 27 43 12 47 45 27 17 
 43 33 47 17 43 24 35 14 
 41 25 18 42 36 21 40 24 28 14 45 30 
 16 24 23 17 18 43 41 26 44 41 43 10 
 33 33 49 48 15 36 46 46 20 44 29 46 
 43 14 40 41 20 31 32 49 15 26 24 34 
 34 49 15 27 46 42 21 26 17 45 48 33 
 20 25 38 15 19 50 36 13 40 43 12 31 
 49 42 40 17 37 41 48 38 42 47 28 42 
 45 31 18 36 35 32 22 28 49 14 41 40 
 48 39 46 18 44 34 31 47 45 25 12 20 
 33 14 40 44 42 25 32 33 41 42 46 10 
 29 26 46 27 15 33 38 33 19 36 39 35 
 34 46 40 15 41 28 30 41 41 20 19 26 
 21 46 36 25 35 34 24 39 45 50 44 43 
 37 39 46 30 30 13 50 14 36 24 19 27 
 16 47 25 41 20 20 40 38 27 34 19 18 
 33 18 31 48 33 31 36 25 36 39 34 21 
 43 13 48 49 35 42 24 48 
 12 23 25 41 13 27 29 50 13 26 19 33 
 44 12 18 45 47 49 15 24 18 49 48 39 
 40 26 13 47 24 22 21 44 15 10 30 40 
 29 19 28 33 36 48 44 29 43 45 49 33 
 44 50 31 30 32 13 44 33 31 32 24 17 
 39 17 12 18 34 12 14 15 37 27 32 37 
 16 32 35 23 45 31 21 17 45 10 23 49 
 10 47 13 31 48 39 49 26 37 48 33 15 
 22 17 46 46 12 48 28 28 17 21 31 11 
 31 15 28 41 15 16 26 26 10 29 24 20 
 26 43 31 41 20 22 30 38 35 44 46 25 
 14 48 39 14 47 49 41 10 27 12 34 24 
 24 19 50 49 12 12 12 28 47 29 47 46 
 37 19 27 46 35 21 30 29 25 42 41 42 
 15 11 49 13 19 44 40 48 44 43 36 19 
 41 15 33 38 11 13 28 43 16 45 41 37 
 46 25 29 29 31 14 44 33 
 21 41 11 33 41 20 37 30 29 16 20 19 
 44 28 11 33 50 39 39 15 12 35 41 11 
 34 42 44 17 20 37 10 31 20 12 22 21 
 48 22 12 50 42 21 12 32 11 46 29 37 
 29 16 38 44 43 14 31 47 34 45 12 46 
 28 33 19 38 37 33 25 27 39 18 29 20 
 45 45 37 15 20 34 39 30 47 47 37 27 
 48 14 50 16 19 36 45 22 10 10 20 14 
 37 38 19 42 18 26 19 20 26 25 11 29 
 29 49 29 32 19 20 21 46 14 38 46 37 
 31 48 25 35 50 30 38 39 11 31 16 30 
 31 31 31 42 36 47 25 30 42 32 21 21 
 11 13 32 35 50 15 47 19 10 20 12 31 
 29 39 10 30 13 45 45 21 50 28 28 37 
 29 25 25 36 24 17 31 15 26 14 41 31 
 27 47 30 38 46 44 37 16 39 32 32 23 
 42 19 24 18 49 21 44 38 
 26 24 50 39 26 44 27 30 15 39 35 49 
 24 38 50 42 47 34 25 14 10 16 26 15 
 37 47 47 47 45 23 30 35 27 15 29 15 
 23 42 12 40 31 10 16 41 39 27 30 20 
 27 18 37 29 40 46 34 40 46 44 22 29 
 21 13 48 15 20 40 32 36 32 29 24 19 
 31 42 39 20 36 18 11 43 27 12 23 41 
 27 21 50 49 14 39 32 26 44 23 35 49 
 14 47 16 32 36 33 11 19 36 37 10 17 
 23 28 29 15 27 20 32 11 35 15 18 35 
 39 48 50 38 21 10 42 40 44 15 38 34 
 18 50 40 11 50 44 14 42 11 38 29 45 
 32 35 45 40 11 28 43 29 33 36 25 45 
 27 23 33 14 45 33 42 10 50 44 46 47 
 22 23 25 43 16 40 34 34 33 37 13 44 
 28 28 16 19 19 37 41 44 18 36 47 37 
 20 15 31 29 43 27 42 11 
 45 44 33 25 17 33 17 47 41 37 28 41 
 40 34 28 33 40 33 34 10 37 36 35 49 
 34 26 19 15 34 24 33 34 34 42 41 17 
 36 29 29 25 14 35 29 25 44 31 41 18 
 44 36 33 21 45 14 23 32 14 40 35 35 
 23 23 18 41 48 22 26 22 18 45 31 30 
 13 17 13 12 43 14 50 40 42 45 44 50 
 12 15 31 46 36 18 42 10 16 25 31 36 
 11 19 19 24 36 26 20 41 43 42 29 35 
 43 29 45 42 29 50 44 48 30 50 32 30 
 32 33 14 46 19 37 17 22 30 18 25 25 
 41 50 26 35 50 33 19 25 14 47 50 47 
 26 27 23 28 35 15 31 42 45 22 23 20 
 45 38 37 44 37 29 21 46 33 39 33 31 
 47 26 20 12 10 49 41 37 34 23 27 20 
 46 23 31 17 16 36 32 36 28 11 25 20 
 25 12 42 45 11 47 17 43 
 28 42 44 48 49 26 30 32 39 34 36 34 
 46 30 26 11 36 30 19 50 29 34 29 32 
 13 38 10 42 22 15 31 46 14 13 34 37 
 29 16 22 12 13 42 42 16 22 41 43 39 
 13 31 13 39 29 27 11 37 45 45 27 34 
 34 15 40 12 50 21 27 29 18 29 15 34 
 29 20 11 14 46 32 25 31 44 14 22 41 
 15 45 46 33 23 38 46 36 20 46 42 36 
 38 13 38 48 44 39 41 35 26 10 44 12 
 31 26 27 41 47 22 22 30 19 26 43 15 
 40 14 33 44 37 34 29 47 32 48 49 18 
 17 31 47 31 44 42 13 14 16 15 19 37 
 43 48 47 41 35 41 23 19 48 38 10 29 
 23 38 29 12 26 11 20 44 15 41 10 34 
 28 13 49 44 43 42 44 28 41 31 21 45 
 19 48 47 39 23 42 11 25 44 42 20 23 
 37 19 46 46 38 29 27 19 
 28 12 10 22 37 35 18 22 28 22 47 32 
 13 13 41 25 49 28 45 43 46 40 17 46 
 27 15 32 45 49 49 23 38 37 36 14 50 
 48 12 13 27 20 19 36 14 25 35 11 50 
 27 27 13 32 21 36 28 46 22 13 18 40 
 14 40 40 19 31 28 28 45 49 43 12 46 
 14 10 37 19 21 14 35 23 49 18 31 40 
 46 42 13 26 32 13 20 50 27 30 31 13 
 50 43 36 25 17 41 35 42 30 10 30 15 
 15 27 24 12 24 50 30 14 36 37 49 32 
 50 48 26 30 20 17 27 27 38 43 33 27 
 13 12 12 19 35 25 50 28 25 35 44 46 
 50 39 31 42 37 11 43 25 10 13 36 38 
 13 50 49 29 44 19 30 27 22 11 30 19 
 15 47 26 21 30 48 34 29 46 10 33 25 
 12 43 17 45 37 39 26 26 29 20 32 22 
 18 32 11 18 31 19 49 42 
 25 18 20 20 14 45 46 26 35 19 46 50 
 15 17 29 11 32 41 26 49 12 34 26 12 
 16 10 14 13 33 27 19 46 20 30 29 27 
 47 15 47 22 24 28 13 15 18 31 49 43 
 44 45 39 17 33 44 37 42 37 31 10 44 
 23 36 10 27 20 42 22 22 37 36 38 38 
 45 29 16 45 39 28 39 16 25 25 41 21 
 46 50 19 33 23 41 24 40 42 12 42 24 
 29 43 24 46 22 33 11 15 31 44 24 38 
 17 42 37 49 31 23 23 11 47 23 45 24 
 22 13 15 31 10 15 48 31 34 50 30 37 
 42 20 37 14 22 40 24 31 21 33 36 11 
 20 32 29 36 37 23 18 17 23 35 37 24 
 18 30 38 42 47 28 13 33 17 21 16 12 
 40 15 15 43 37 13 19 20 16 31 38 41 
 22 36 38 48 41 15 34 46 34 12 12 50 
 21 12 37 50 37 28 43 28 
 50 39 11 29 18 41 47 26 27 30 40 31 
 10 19 37 34 33 18 48 21 33 45 49 44 
 17 27 21 43 29 42 48 36 41 46 39 44 
 43 24 10 20 42 26 42 31 13 17 20 50 
 20 11 12 15 34 20 13 17 37 44 17 24 
 50 31 32 11 28 39 19 40 28 39 37 32 
 35 47 21 46 49 46 28 10 49 35 35 30 
 17 40 12 37 26 24 12 28 36 15 34 49 
 48 12 47 31 19 12 46 49 46 26 13 14 
 14 45 13 29 27 37 37 48 10 13 22 10 
 35 36 46 25 10 20 42 39 41 28 30 47 
 24 38 30 18 14 49 23 19 14 47 44 16 
 49 32 33 27 43 18 12 45 17 20 10 46 
 37 43 43 33 11 16 50 16 14 18 19 46 
 27 27 33 39 38 12 20 44 29 25 13 28 
 27 24 27 44 30 21 14 16 26 47 11 42 
 29 16 44 10 44 24 33 36 
 24 5 17 22 24 22 18 8 10 10 15 12 
 21 19 9 12 8 8 14 10 19 25 6 19 
 6 21 8 22 12 13 12 14 12 6 13 8 
 6 24 13 8 5 24 17 18 23 16 17 21 
 21 9 22 14 12 8 12 13 6 11 6 24 
 15 7 20 10 8 22 6 22 13 5 11 8 
 6 7 5 12 20 25 12 7 7 20 17 25 
 7 22 18 22 18 12 9 18 17 17 11 22 
 14 10 16 6 17 12 11 17 9 8 6 19 
 9 10 6 20 16 6 24 23 20 9 23 24 
 14 7 11 12 24 20 6 13 22 7 7 15 
 12 11 9 22 22 25 7 11 6 7 7 24 
 6 12 9 13 23 24 20 16 20 16 17 24 
 24 20 22 10 19 22 14 8 15 16 19 11 
 5 14 6 10 12 10 21 22 9 12 13 14 
 15 19 21 16 11 8 16 19 6 6 9 18 
 20 17 15 20 23 22 10 13 
 13 24 6 7 6 20 6 21 8 18 15 11 
 14 12 14 21 18 13 7 15 25 12 19 20 
 16 10 18 8 15 11 8 12 9 19 20 24 
 12 22 24 24 18 13 6 21 23 10 5 7 
 19 9 13 16 11 14 19 20 6 14 14 6 
 15 9 19 15 10 17 24 10 15 24 8 13 
 25 18 25 7 21 18 16 10 7 13 6 18 
 23 12 12 22 5 14 5 12 5 7 21 7 
 25 10 22 25 21 22 12 13 7 5 12 5 
 16 9 5 24 8 14 24 25 16 14 20 5 
 17 12 19 14 12 18 12 13 11 6 5 17 
 18 12 24 24 18 25 21 19 12 21 8 24 
 16 17 9 8 10 10 19 15 18 23 7 12 
 22 22 7 17 24 6 13 5 17 17 9 7 
 18 16 6 20 20 13 20 23 20 19 17 13 
 8 13 24 9 16 15 13 13 25 21 17 21 
 25 25 10 17 10 25 12 25 
 21 17 15 11 7 12 6 14 19 14 23 12 
 12 24 5 10 12 14 24 15 11 23 10 8 
 10 13 8 9 11 5 12 15 14 19 17 5 
 7 6 17 9 25 8 14 5 6 5 13 17 
 19 17 12 24 15 20 10 22 8 15 7 7 
 18 15 25 19 15 7 10 24 15 11 13 22 
 22 24 23 5 19 25 10 8 19 18 22 14 
 11 7 19 22 19 9 11 9 5 13 25 14 
 14 23 20 15 25 25 16 22 25 16 6 11 
 19 14 21 23 8 22 21 13 15 8 16 10 
 12 9 14 19 15 25 21 19 13 18 17 22 
 14 10 23 20 21 16 13 13 15 9 22 19 
 16 11 23 15 6 5 17 6 12 23 14 9 
 8 17 22 11 6 22 22 11 24 14 6 5 
 9 8 15 11 22 13 9 13 22 22 12 24 
 6 10 13 10 14 10 18 7 8 25 10 8 
 18 18 19 23 15 8 19 8 
 22 12 12 12 13 10 16 23 16 25 16 12 
 16 15 14 20 25 9 20 24 22 24 9 5 
 6 24 21 25 10 9 6 17 21 21 10 16 
 5 9 11 23 23 23 12 24 20 18 6 15 
 23 9 19 22 14 17 14 19 22 10 6 15 
 16 17 15 19 22 21 24 8 16 25 22 9 
 17 15 21 9 25 23 12 13 19 17 23 14 
 15 10 22 24 24 24 23 19 18 16 5 23 
 10 16 12 7 6 14 10 17 5 16 14 12 
 18 16 12 10 16 10 25 22 15 14 22 14 
 5 25 23 14 6 16 15 14 6 23 24 18 
 17 22 16 20 8 12 6 23 10 7 24 24 
 9 24 5 15 8 24 25 24 13 8 5 6 
 11 10 21 20 19 11 12 16 13 14 18 11 
 16 6 24 21 12 15 18 9 24 5 13 15 
 9 18 14 5 23 24 19 9 5 17 14 25 
 11 7 18 5 19 23 7 24 
 11 15 13 16 19 18 7 22 19 17 22 10 
 13 20 13 13 24 14 16 7 24 18 24 14 
 17 10 10 22 23 23 16 10 8 8 14 7 
 25 20 20 15 24 17 12 20 20 20 20 18 
 15 18 18 15 23 20 15 12 23 15 24 8 
 14 15 12 23 15 12 9 24 6 10 18 25 
 21 14 14 12 10 7 12 11 11 7 11 16 
 20 14 11 23 6 9 19 17 24 24 19 10 
 8 25 10 23 5 24 24 24 24 17 21 25 
 25 21 21 23 16 8 10 21 16 16 12 8 
 17 15 25 11 5 19 19 25 19 22 15 11 
 22 15 14 24 19 23 16 25 8 22 17 24 
 25 24 18 13 14 25 13 12 18 11 17 22 
 14 13 8 16 9 9 8 5 18 8 5 17 
 24 7 7 7 7 14 5 23 6 7 20 23 
 17 25 8 15 21 8 17 10 6 24 25 12 
 13 12 20 12 20 8 8 16 
 7 20 11 21 9 9 12 9 21 9 13 11 
 10 25 7 18 11 13 16 7 22 13 18 22 
 17 6 10 5 13 7 12 10 12 23 9 18 
 24 22 16 11 19 14 18 7 23 17 19 23 
 8 25 7 12 20 8 17 14 18 24 24 11 
 7 20 22 11 9 13 12 24 23 8 14 16 
 6 21 24 12 23 20 25 8 20 18 16 14 
 24 20 8 15 5 9 12 24 13 25 20 7 
 6 24 15 13 20 14 20 11 17 22 5 13 
 23 14 6 14 6 23 11 12 19 23 14 11 
 23 24 14 25 22 6 6 8 19 20 23 7 
 9 5 6 22 19 25 6 9 15 6 22 19 
 23 23 9 14 9 16 13 9 21 21 17 7 
 8 12 16 22 16 23 24 22 10 14 20 14 
 11 11 16 6 17 6 25 20 12 14 14 16 
 5 25 23 14 6 11 13 15 9 16 23 16 
 18 7 16 16 21 17 25 14 
 5 17 9 24 23 9 8 15 12 10 16 6 
 16 17 16 10 17 16 22 19 23 14 16 19 
 19 24 23 22 21 13 24 25 5 12 10 5 
 13 14 19 22 11 18 11 21 14 5 22 22 
 21 15 8 19 7 7 22 15 22 14 14 22 
 15 9 15 10 25 23 8 7 9 25 24 16 
 9 18 5 24 12 7 8 13 19 19 8 6 
 5 23 5 11 24 18 10 24 7 13 13 14 
 10 7 21 15 12 8 23 12 19 25 9 10 
 6 25 18 6 24 14 21 20 22 9 6 12 
 13 6 12 7 25 20 11 18 23 20 11 24 
 8 17 16 5 24 8 21 5 14 21 12 24 
 21 22 13 9 20 22 23 23 9 7 14 24 
 15 6 18 25 10 7 10 15 23 8 19 11 
 21 13 24 23 16 9 9 7 6 16 19 12 
 9 19 7 7 5 23 13 8 8 16 19 16 
 16 13 15 23 25 24 25 22 
 18 18 10 24 11 23 22 17 8 8 20 17 
 17 24 12 9 25 6 14 10 19 14 18 11 
 16 14 9 10 24 6 22 11 15 15 20 23 
 5 20 23 14 7 22 23 22 16 24 25 10 
 24 9 9 6 18 13 14 11 14 20 5 9 
 12 8 18 10 23 11 17 19 22 5 19 18 
 16 13 23 11 19 11 11 13 8 16 17 23 
 24 8 24 15 10 18 21 20 25 23 16 13 
 5 9 13 5 7 6 17 7 18 17 21 22 
 21 23 12 19 19 25 24 16 14 20 20 22 
 13 5 21 13 15 7 15 9 19 24 9 22 
 12 15 17 23 8 20 6 19 17 19 5 8 
 7 9 22 10 7 11 14 9 25 20 17 9 
 24 6 14 9 9 5 11 19 5 8 18 19 
 16 24 13 18 8 25 9 23 17 16 11 20 
 5 11 13 16 20 7 7 18 8 6 5 23 
 17 19 10 14 21 5 17 15 
 21 23 5 22 13 8 13 21 22 7 17 9 
 12 13 21 17 23 12 19 17 11 20 21 21 
 13 25 7 17 12 13 25 7 13 7 10 25 
 15 5 7 21 10 21 13 11 14 15 19 10 
 12 10 23 15 15 22 7 9 20 13 9 5 
 17 21 12 11 18 24 25 8 19 14 19 22 
 20 25 20 8 16 18 24 11 16 15 19 9 
 5 13 10 19 11 15 9 6 11 22 25 23 
 8 9 10 5 9 15 9 22 23 5 25 14 
 9 8 11 13 17 11 13 6 9 18 10 15 
 16 11 7 17 17 15 6 17 14 18 18 19 
 15 18 19 18 20 23 20 8 24 17 12 13 
 7 21 19 24 16 6 5 5 11 19 11 24 
 15 24 16 6 12 18 24 17 6 11 5 5 
 7 9 6 22 12 18 16 24 12 17 16 5 
 16 11 11 16 8 8 15 21 9 14 10 6 
 14 9 10 23 15 13 21 21 
 10 13 14 15 10 11 6 17 9 9 11 7 
 23 10 21 11 9 25 20 13 5 17 25 8 
 23 10 8 23 14 22 17 20 8 18 14 17 
 14 21 7 6 5 22 19 13 9 6 22 18 
 7 8 13 16 11 10 8 5 13 10 16 19 
 20 24 20 17 10 20 10 7 21 13 17 5 
 23 12 18 17 14 6 20 20 10 12 10 12 
 17 12 9 9 12 16 16 18 8 5 15 25 
 19 10 10 14 13 23 12 23 13 14 18 22 
 13 20 19 20 14 6 13 15 12 8 12 9 
 17 5 20 18 21 21 24 18 7 15 9 14 
 12 25 24 10 21 12 11 21 9 24 17 21 
 10 12 9 6 11 8 18 18 18 14 25 6 
 16 8 23 9 23 13 8 16 22 21 24 18 
 23 8 20 14 23 17 11 5 20 8 14 18 
 9 24 25 24 18 8 15 20 19 10 7 9 
 22 21 17 14 8 17 17 15 
 5 19 12 15 17 25 15 16 17 25 11 11 
 23 14 6 16 11 12 24 24 14 11 9 11 
 13 25 10 16 19 23 8 11 11 12 23 22 
 20 13 19 13 5 8 9 16 10 20 18 24 
 23 23 8 13 7 23 18 5 20 9 12 15 
 25 12 17 13 10 13 13 6 18 18 9 18 
 25 19 23 12 13 9 25 13 11 11 13 13 
 8 20 18 22 14 11 11 17 16 25 21 9 
 6 21 13 7 21 14 10 9 22 12 17 9 
 13 12 15 14 6 23 12 18 7 23 11 9 
 22 23 24 16 7 23 13 6 16 7 17 13 
 20 25 23 6 20 16 20 6 16 24 9 10 
 8 17 24 11 16 14 18 18 20 10 12 14 
 14 14 6 10 6 21 7 23 8 15 25 9 
 10 14 9 10 6 24 8 9 12 10 12 25 
 9 23 14 15 16 15 8 25 12 9 6 7 
 16 23 14 22 22 16 9 15 
 19 25 7 19 13 16 7 17 23 11 12 21 
 24 21 12 9 12 10 8 9 22 6 20 23 
 17 8 13 9 18 23 10 21 22 19 6 19 
 7 8 21 17 16 22 23 12 17 6 23 7 
 20 7 16 20 24 5 6 20 12 9 8 10 
 14 13 13 24 8 25 22 5 19 15 18 14 
 23 20 10 18 8 19 12 15 5 8 23 16 
 21 10 6 23 17 9 7 20 13 11 5 20 
 18 23 19 5 24 12 25 10 23 19 7 9 
 21 5 24 20 24 13 25 9 18 11 14 16 
 17 9 10 25 16 5 8 25 23 7 8 13 
 16 22 6 11 9 24 16 6 17 16 19 25 
 24 12 7 18 22 22 21 20 12 21 18 17 
 7 6 21 12 8 9 8 12 14 9 24 16 
 6 16 23 17 23 25 13 16 25 13 22 12 
 20 20 18 18 12 13 22 23 15 13 18 19 
 10 11 24 17 17 25 13 8 
 12 10 20 21 5 10 23 17 20 18 6 9 
 24 7 9 11 21 8 20 13 6 5 13 16 
 15 14 5 9 5 23 8 8 13 17 10 25 
 14 16 18 10 12 22 6 16 25 12 19 20 
 11 24 16 11 12 8 16 18 25 8 12 23 
 25 23 23 17 10 19 22 6 21 10 6 20 
 18 15 13 11 18 24 6 25 9 8 22 8 
 24 12 13 17 9 22 10 18 17 7 24 13 
 16 15 7 12 17 24 14 7 24 21 5 21 
 19 20 7 24 15 10 14 7 16 10 7 25 
 13 16 10 6 12 5 15 17 14 18 9 18 
 20 13 21 14 10 19 10 20 5 19 17 17 
 16 7 19 17 24 23 19 11 12 7 13 8 
 16 7 21 5 21 14 16 8 24 19 7 21 
 9 23 19 14 17 5 24 22 16 15 8 19 
 25 10 25 9 12 5 25 14 22 12 18 18 
 24 5 24 19 8 7 7 7 
 23 19 11 17 16 8 16 17 8 21 21 21 
 20 22 19 6 14 16 16 22 21 19 22 11 
 23 8 13 13 14 6 15 14 5 9 14 13 
 25 21 17 18 18 8 21 22 8 9 12 13 
 7 18 9 21 7 12 6 21 8 12 14 5 
 25 11 18 20 6 10 20 16 9 21 9 23 
 23 15 22 11 16 7 13 18 16 24 9 9 
 19 24 21 25 5 21 22 17 22 19 23 22 
 24 14 9 8 18 8 8 25 11 13 24 25 
 6 17 25 8 15 21 10 14 12 5 11 16 
 8 15 19 21 13 13 12 19 6 23 9 21 
 18 10 11 21 6 7 11 10 8 23 8 13 
 10 13 13 12 7 17 20 11 25 5 16 18 
 7 20 7 7 20 18 13 16 21 18 7 25 
 20 19 18 24 8 14 25 17 21 16 25 8 
 7 21 7 23 13 23 9 21 13 10 24 25 
 16 13 22 25 20 5 7 9 
 17 23 24 11 19 24 5 7 17 21 19 20 
 16 24 11 6 25 6 22 7 23 21 15 6 
 24 15 23 6 10 13 15 10 15 7 16 6 
 12 11 6 9 21 13 17 11 18 18 25 13 
 23 15 24 9 9 11 12 6 19 8 11 11 
 7 24 12 17 23 17 8 15 23 18 13 8 
 6 11 7 15 22 18 18 15 21 17 12 25 
 9 6 23 21 13 7 7 17 10 5 20 25 
 20 10 21 10 7 9 14 7 21 11 24 16 
 16 5 19 5 6 20 12 21 20 14 9 23 
 8 5 21 13 20 10 12 22 20 18 22 15 
 25 18 9 12 21 20 8 7 12 24 12 14 
 18 22 13 18 20 8 16 6 18 7 5 17 
 18 16 23 20 5 8 24 22 13 19 21 24 
 17 21 9 11 24 23 19 11 25 16 13 21 
 10 7 18 23 7 13 24 14 8 24 22 9 
 15 21 9 12 17 12 24 25 
 11 11 24 19 5 16 18 6 9 12 18 8 
 14 11 11 5 15 17 25 24 17 18 14 20 
 16 12 6 18 20 21 11 18 17 23 11 11 
 15 20 23 10 6 13 17 24 18 8 7 5 
 10 8 24 8 12 8 25 19 7 12 10 19 
 6 14 15 24 19 21 24 19 10 18 5 9 
 22 14 11 25 5 7 15 14 15 9 24 5 
 24 11 14 17 22 25 22 6 25 25 20 23 
 14 5 14 23 12 16 16 12 13 8 24 14 
 8 5 20 21 21 18 13 18 24 24 19 19 
 23 8 9 18 5 10 11 15 13 12 8 10 
 24 5 19 6 9 21 7 6 16 21 24 14 
 14 6 9 22 24 9 12 13 6 15 10 24 
 19 12 9 20 17 10 14 21 8 21 18 19 
 13 11 22 6 20 17 6 5 12 21 16 18 
 21 15 6 5 20 14 5 22 18 17 12 15 
 17 22 9 22 13 22 11 15 
 17 15 12 25 15 23 25 22 23 21 22 20 
 12 13 9 23 22 6 5 18 20 13 14 20 
 20 5 17 11 6 12 15 20 6 21 11 5 
 18 10 9 10 7 23 5 9 17 20 25 8 
 24 7 25 11 20 18 6 11 21 14 8 16 
 19 21 24 18 19 12 19 18 6 18 12 19 
 18 15 8 19 15 16 15 6 9 9 8 5 
 18 9 17 5 9 13 19 11 20 21 6 15 
 23 5 21 5 20 25 19 14 21 22 24 8 
 10 25 18 23 14 14 25 19 14 10 12 19 
 5 24 14 23 6 8 10 12 20 14 12 17 
 21 18 14 21 10 22 8 7 6 18 9 20 
 24 24 11 14 11 9 13 7 22 22 25 5 
 11 5 18 14 23 24 11 11 12 7 18 5 
 15 6 5 16 11 6 22 19 17 10 11 7 
 14 19 20 5 22 16 8 24 14 18 12 23 
 15 15 6 20 20 7 6 12 
 16 23 8 24 13 11 23 23 25 23 16 21 
 10 15 6 7 23 11 9 11 13 15 9 20 
 15 25 11 18 11 17 16 24 25 13 13 6 
 22 12 20 13 9 22 23 8 5 19 6 6 
 11 5 22 9 11 13 24 25 10 20 6 16 
 16 19 16 5 5 11 6 15 9 18 15 10 
 5 5 15 12 13 17 10 16 8 12 21 12 
 9 10 6 20 21 6 20 10 25 21 15 18 
 13 9 21 25 11 19 9 14 20 5 25 25 
 23 18 23 9 5 18 14 21 14 9 5 24 
 19 22 6 7 10 15 19 25 16 9 13 21 
 22 10 17 24 9 5 9 6 9 15 8 17 
 5 25 14 6 12 20 7 15 8 18 7 23 
 7 17 7 7 13 12 10 22 20 12 13 19 
 25 6 15 7 8 9 6 10 25 7 18 9 
 11 11 12 14 6 24 11 22 14 9 21 5 
 17 10 25 10 5 9 8 16 
 7 23 12 9 18 22 15 20 9 18 14 19 
 24 22 20 17 19 19 14 19 8 15 13 20 
 9 10 16 22 19 9 8 15 11 22 21 20 
 18 20 6 15 20 20 13 14 22 12 5 21 
 6 19 16 19 10 25 18 10 6 15 10 20 
 5 7 19 11 23 8 5 19 8 15 13 6 
 6 12 17 5 18 7 22 25 22 16 7 15 
 23 11 25 16 15 20 21 19 8 19 20 21 
 18 18 19 13 15 25 22 22 12 9 10 8 
 11 17 18 22 5 13 24 9 9 14 19 15 
 13 17 7 20 17 6 8 21 6 24 20 22 
 21 7 18 9 12 18 8 11 18 15 20 8 
 16 9 7 14 17 15 23 24 13 9 17 15 
 19 16 22 25 10 10 16 10 13 8 22 16 
 13 22 10 11 20 20 12 19 18 19 9 12 
 14 21 17 21 16 18 25 7 5 18 8 7 
 23 20 19 16 23 18 12 9 
 13 15 25 14 17 14 13 8 12 8 5 12 
 9 24 19 23 17 16 9 5 10 7 19 23 
 7 5 9 23 18 9 25 14 24 10 24 15 
 14 5 21 10 8 20 18 17 15 18 21 25 
 23 11 21 11 7 24 18 25 22 18 13 7 
 13 19 10 18 5 13 10 19 16 25 7 16 
 9 10 19 14 25 25 14 22 11 7 11 13 
 14 10 7 25 15 21 5 13 23 10 20 24 
 14 22 12 19 12 7 5 19 10 9 24 23 
 14 8 6 8 13 19 23 9 7 16 7 15 
 7 10 6 14 23 10 17 16 15 11 23 21 
 10 14 23 11 19 24 18 13 21 18 21 20 
 9 20 25 10 9 12 13 6 11 20 23 14 
 12 8 5 20 6 10 25 15 23 10 21 22 
 11 12 11 21 24 5 19 7 14 14 10 11 
 22 16 17 11 11 17 8 24 10 22 25 17 
 18 22 6 6 22 24 24 23 
 131 131 131 131 131 131 131 131 131 131 131 131 
 131 131 131 131 131 131 131 131 
