 6 
 5 100 
 17 40 35 24 50 15 31 38 48 18 16 44 
 41 10 26 50 48 20 24 12 48 24 34 39 
 14 32 47 10 45 15 22 20 44 41 49 10 
 30 46 20 37 19 12 14 31 28 22 38 47 
 12 29 31 30 30 29 50 39 44 23 37 48 
 23 18 21 26 26 22 22 11 48 19 43 37 
 42 34 46 28 14 50 30 15 36 42 21 18 
 29 38 42 45 37 39 48 39 42 50 12 34 
 49 12 25 29 
 40 34 20 13 14 49 13 42 49 43 12 12 
 21 31 44 18 36 44 20 22 16 50 18 50 
 20 13 34 29 36 50 38 24 46 19 49 41 
 39 33 13 38 41 23 49 30 37 20 14 31 
 21 30 48 36 45 36 42 25 22 45 16 15 
 41 19 39 37 11 11 36 12 21 10 14 21 
 47 38 16 41 36 39 50 14 21 47 39 46 
 31 24 44 28 15 25 24 12 35 19 37 23 
 24 35 26 40 
 32 13 20 33 26 46 48 38 12 49 13 47 
 17 13 45 35 47 13 26 42 29 29 16 24 
 37 33 35 22 36 24 35 13 23 43 29 37 
 41 32 47 31 48 15 49 44 11 39 48 43 
 47 49 21 48 39 35 45 28 28 11 33 29 
 22 22 14 43 33 30 31 31 17 12 12 48 
 23 40 50 41 32 19 47 49 30 24 18 24 
 43 13 14 23 33 39 20 38 22 21 49 15 
 23 32 10 16 
 26 31 39 17 27 25 22 32 50 43 12 49 
 40 44 38 30 23 42 46 26 42 45 22 42 
 19 40 34 39 38 39 26 30 42 39 31 46 
 30 49 11 50 20 22 49 19 43 19 15 43 
 25 27 32 33 45 49 18 33 20 49 44 38 
 45 46 11 28 21 18 30 18 46 32 10 45 
 42 21 35 36 10 31 42 39 40 25 40 19 
 40 37 21 42 15 44 43 38 17 17 10 48 
 27 19 49 39 
 13 28 50 48 37 12 24 32 35 49 37 32 
 41 41 30 17 28 49 36 18 19 13 10 41 
 11 49 25 41 24 40 36 30 35 18 32 48 
 32 37 41 40 15 11 40 36 23 26 17 40 
 10 48 23 31 30 12 19 29 47 41 47 43 
 41 28 33 13 14 32 15 31 36 45 47 30 
 13 24 40 24 50 44 30 37 38 49 16 26 
 29 45 37 43 27 27 23 43 50 40 14 30 
 23 29 49 25 
 18 12 12 13 19 13 13 9 15 6 20 23 
 7 24 19 15 25 13 8 19 13 12 25 7 
 11 18 7 24 16 19 10 16 14 11 23 21 
 13 5 12 10 5 20 5 14 21 25 18 22 
 18 9 12 6 9 23 6 11 15 7 24 12 
 16 18 14 15 24 23 16 7 15 5 13 22 
 10 23 6 25 8 7 9 11 8 9 11 13 
 9 8 16 13 17 11 7 8 7 8 14 14 
 20 12 8 11 
 7 10 8 13 13 22 15 6 10 5 12 8 
 7 16 14 22 6 19 17 23 7 23 18 22 
 12 7 6 5 7 21 21 18 14 22 9 15 
 11 18 15 21 9 21 24 15 15 5 16 24 
 16 7 5 11 6 9 20 7 11 16 6 24 
 5 22 24 5 22 24 22 18 12 7 12 21 
 7 16 18 12 6 11 19 20 15 12 18 5 
 10 15 24 12 12 22 7 17 23 24 10 20 
 18 7 8 8 
 16 20 24 25 13 21 24 22 6 17 12 21 
 22 14 5 16 25 16 8 10 20 14 16 19 
 21 10 5 14 11 6 10 16 15 19 9 25 
 11 7 8 24 12 25 12 5 17 22 17 9 
 5 24 19 7 24 9 19 18 13 20 17 14 
 15 20 25 8 12 24 19 18 14 12 16 19 
 12 9 21 5 23 24 19 14 24 25 7 16 
 13 6 18 24 24 22 23 13 22 11 25 12 
 24 6 7 15 
 11 18 7 5 9 18 9 17 25 17 12 15 
 22 18 13 22 23 9 12 6 11 25 25 15 
 6 7 23 14 17 15 17 13 17 11 20 22 
 15 16 14 8 9 20 17 20 11 19 22 16 
 25 5 19 13 23 8 13 12 7 20 5 19 
 11 11 19 20 5 21 8 7 15 20 18 18 
 23 17 10 12 19 16 5 21 16 8 9 12 
 21 7 5 7 24 25 18 11 17 11 7 12 
 16 23 5 18 
 5 23 11 11 17 17 25 18 21 12 5 7 
 15 15 14 10 17 12 5 10 15 24 23 18 
 19 5 5 16 25 15 17 11 15 11 11 5 
 24 11 9 21 6 6 6 18 21 5 21 14 
 16 5 25 23 5 20 16 20 10 18 25 6 
 14 23 10 24 25 5 24 5 15 19 12 25 
 17 9 24 22 16 7 12 10 15 5 18 14 
 20 25 16 22 19 9 21 10 7 12 5 10 
 5 21 17 5 
 221 224 254 235 232 
 5 200 
 46 10 26 45 24 50 15 29 24 31 22 28 
 17 50 17 11 42 19 49 14 23 27 23 32 
 27 12 44 34 10 16 37 10 13 11 33 12 
 20 40 12 11 28 28 34 11 27 50 25 38 
 44 43 16 26 17 28 14 25 26 45 33 13 
 42 41 28 30 33 21 14 35 47 47 40 49 
 50 25 48 42 32 18 19 38 39 33 38 42 
 31 24 19 48 47 44 25 39 27 18 38 26 
 45 48 27 29 36 32 15 21 23 36 30 47 
 12 39 45 21 22 39 25 33 45 47 40 26 
 17 42 20 34 14 38 14 34 21 17 34 19 
 15 16 24 21 35 32 16 22 44 49 32 47 
 25 26 30 37 12 25 40 16 24 30 44 29 
 25 11 28 16 50 15 20 17 25 39 32 30 
 48 22 22 34 15 50 34 21 33 39 11 42 
 20 28 30 43 23 38 24 44 15 25 34 24 
 13 48 35 24 39 38 10 35 
 14 17 48 14 29 16 27 21 23 43 31 22 
 50 24 23 18 47 14 33 45 36 28 32 40 
 25 36 31 32 46 50 14 35 44 25 36 48 
 43 28 32 11 48 39 11 24 16 39 36 26 
 41 27 46 30 28 25 24 10 35 22 26 18 
 46 10 22 35 40 11 37 44 26 19 34 46 
 31 29 23 40 48 36 48 36 24 20 24 25 
 30 41 16 15 26 49 20 32 16 33 16 11 
 15 22 40 23 42 22 21 25 14 13 38 11 
 47 41 44 27 49 21 29 44 11 38 18 20 
 12 34 38 28 26 12 23 27 23 20 21 35 
 50 12 26 22 30 31 12 32 50 14 11 28 
 42 11 29 50 39 40 46 42 47 15 47 34 
 38 19 33 36 25 10 20 37 18 19 43 36 
 25 39 47 18 27 19 22 37 45 14 15 35 
 30 47 35 23 10 31 39 21 28 24 37 38 
 19 34 19 13 16 13 32 36 
 20 34 24 41 41 14 32 18 50 10 41 20 
 36 39 48 38 23 37 30 35 28 16 35 44 
 35 10 25 21 40 24 36 38 30 10 11 36 
 50 19 41 26 46 19 26 13 43 13 28 48 
 34 26 20 26 41 45 27 33 18 18 27 23 
 22 19 23 30 22 44 21 10 24 30 50 46 
 14 19 32 14 10 28 47 22 30 32 31 14 
 46 15 17 33 28 17 40 12 31 25 43 45 
 39 45 48 37 29 23 26 28 50 29 24 50 
 33 39 14 21 29 48 30 49 33 13 15 40 
 36 44 21 50 25 48 31 48 35 45 30 21 
 24 35 21 12 43 23 33 14 15 20 49 33 
 43 23 48 48 10 24 33 18 47 11 33 25 
 20 29 45 10 42 35 50 13 20 38 49 11 
 35 16 31 33 41 46 29 13 40 28 18 37 
 35 50 47 23 22 37 41 17 42 13 25 34 
 41 44 13 16 44 24 46 41 
 24 22 16 18 42 47 40 50 17 50 20 33 
 20 32 36 37 35 30 32 14 12 22 41 27 
 49 18 11 19 15 46 35 49 40 14 50 33 
 49 14 49 34 11 37 36 39 14 12 23 10 
 31 25 20 32 27 14 39 31 38 25 37 39 
 28 11 41 30 25 43 15 48 21 40 27 30 
 49 13 29 48 36 50 38 24 34 11 43 35 
 35 10 12 10 10 50 28 45 30 11 13 30 
 40 37 22 20 16 29 29 30 30 44 31 41 
 40 21 30 47 15 18 39 17 38 48 41 23 
 47 36 26 31 21 32 26 22 14 45 41 20 
 24 30 35 34 11 33 12 29 35 24 34 15 
 27 33 12 42 13 22 42 12 17 46 14 23 
 17 40 34 28 35 36 29 24 48 29 26 10 
 41 42 13 10 42 15 49 39 28 43 33 39 
 31 50 22 13 29 20 44 34 47 19 39 39 
 19 13 46 38 24 31 29 19 
 41 10 11 14 16 47 37 29 16 33 29 50 
 15 24 29 28 20 20 25 27 32 14 44 13 
 42 24 14 15 23 18 35 45 49 39 12 16 
 48 33 44 32 21 27 39 22 24 17 34 27 
 44 25 15 32 28 48 17 40 48 31 42 19 
 10 34 37 45 12 25 45 22 40 26 40 19 
 26 50 40 14 48 42 14 30 27 10 14 29 
 26 40 11 16 17 36 19 23 44 17 32 21 
 38 27 39 25 28 15 38 13 48 41 35 31 
 11 48 28 27 11 34 46 26 30 11 41 48 
 47 41 21 26 36 50 22 28 22 19 32 49 
 23 11 16 44 18 21 10 29 15 43 18 13 
 30 31 37 21 16 41 46 50 21 45 26 17 
 32 28 13 48 15 16 42 23 10 42 35 29 
 20 50 17 32 10 16 13 36 33 14 19 39 
 16 25 48 23 24 46 36 16 11 30 12 30 
 24 32 32 31 27 32 40 18 
 23 9 19 21 12 12 16 12 20 9 18 19 
 15 10 11 17 25 16 14 13 8 16 24 25 
 12 16 21 11 16 22 19 14 20 9 5 6 
 5 10 24 16 25 5 20 20 22 21 19 24 
 13 14 7 23 25 11 14 17 16 20 11 8 
 25 15 10 14 12 7 8 16 13 21 9 11 
 14 8 18 12 11 23 15 5 12 23 12 9 
 16 19 20 15 15 20 15 9 5 14 12 10 
 25 19 9 11 19 8 5 15 16 23 15 6 
 18 5 21 9 5 7 25 12 20 8 24 5 
 23 20 19 11 14 22 8 10 20 20 21 5 
 14 10 9 8 14 9 22 11 22 8 19 25 
 12 13 11 23 21 19 12 25 11 22 21 9 
 15 13 22 5 15 25 5 9 15 8 18 17 
 8 12 24 25 9 21 16 6 12 5 14 7 
 10 19 16 8 11 6 12 9 20 13 21 14 
 7 6 21 7 8 17 10 12 
 16 12 17 25 16 22 20 12 17 8 5 9 
 6 7 24 20 8 18 16 16 25 13 12 15 
 10 22 14 18 25 19 7 8 13 11 10 18 
 21 18 18 6 20 25 7 23 14 13 8 5 
 25 15 6 25 14 16 6 15 11 21 5 13 
 23 6 14 24 10 7 25 10 13 7 23 16 
 7 16 17 18 5 10 24 17 20 18 8 6 
 19 14 16 24 18 17 5 21 8 23 14 22 
 14 23 10 20 7 15 7 13 25 5 21 19 
 19 7 5 10 11 6 21 7 19 7 15 15 
 13 22 20 22 13 16 14 10 11 15 14 19 
 25 19 6 14 14 15 20 25 21 20 12 24 
 11 19 14 7 17 8 20 7 17 6 23 12 
 17 9 24 22 24 24 9 14 13 24 16 20 
 14 25 24 9 24 12 24 24 11 13 10 20 
 5 16 6 25 7 23 21 23 25 11 12 12 
 9 5 25 7 7 23 16 16 
 20 15 18 19 7 19 21 17 18 8 22 14 
 24 20 15 12 18 19 14 18 11 21 14 24 
 24 18 21 14 12 22 5 10 24 5 15 16 
 17 25 7 18 15 20 15 13 17 18 8 23 
 19 25 14 17 14 6 24 20 21 19 7 5 
 13 12 8 18 15 15 25 17 6 22 8 23 
 24 24 8 13 17 19 8 13 18 8 24 14 
 22 7 15 10 8 23 9 25 8 19 8 16 
 20 22 23 11 17 14 12 14 23 17 9 7 
 24 20 21 22 21 19 16 15 6 9 8 10 
 13 25 22 11 21 13 11 8 21 24 23 5 
 13 12 6 19 5 14 20 21 24 8 12 15 
 7 23 20 24 9 9 24 18 18 21 10 18 
 18 16 5 22 19 18 6 19 10 18 24 5 
 25 9 14 15 10 20 12 22 17 7 12 15 
 18 15 22 15 24 25 16 13 18 19 21 6 
 10 21 7 24 9 22 16 11 
 7 16 16 24 22 20 11 15 24 18 25 22 
 5 20 7 9 7 10 9 19 25 22 8 19 
 7 7 13 9 17 25 17 14 21 8 22 16 
 6 25 23 13 21 21 20 8 13 9 6 12 
 22 8 12 11 6 14 23 19 23 14 21 19 
 8 16 5 17 5 18 22 16 17 17 20 19 
 17 21 10 15 10 17 25 20 18 14 20 21 
 23 16 19 12 22 14 22 7 5 13 19 9 
 21 18 15 23 15 11 21 17 17 22 23 15 
 9 7 14 11 23 17 19 12 15 15 15 5 
 10 24 18 6 15 6 17 24 24 18 15 6 
 6 10 23 20 25 7 16 17 14 14 24 13 
 22 8 7 6 17 8 9 13 8 13 22 23 
 12 12 23 15 5 9 6 16 7 6 6 23 
 19 22 19 24 12 17 7 12 16 19 16 17 
 24 25 24 13 14 17 21 16 20 18 21 6 
 17 23 25 10 18 23 13 5 
 17 5 14 13 18 10 22 24 23 18 6 11 
 21 19 21 5 23 7 11 20 7 19 16 24 
 25 6 18 6 6 8 7 12 11 22 14 15 
 16 13 22 24 18 15 14 13 21 18 5 19 
 6 16 24 25 8 23 16 14 12 10 5 14 
 7 5 16 11 12 10 5 18 13 17 6 15 
 13 19 23 18 21 17 25 24 13 12 19 11 
 7 23 12 14 19 23 21 16 24 24 25 16 
 6 12 24 20 7 22 17 25 18 17 11 19 
 5 21 6 13 7 6 10 19 13 25 15 23 
 23 9 7 13 24 23 25 23 19 8 20 17 
 20 15 17 24 16 16 10 21 9 23 23 8 
 14 9 23 18 22 22 18 22 17 19 19 16 
 22 10 6 13 9 17 15 17 22 18 8 5 
 11 24 19 24 9 6 25 13 10 9 13 17 
 17 18 17 19 14 17 5 14 21 25 24 14 
 16 17 20 25 9 16 20 12 
 464 485 505 495 503 
 10 100 
 19 28 25 31 36 12 35 50 39 12 27 37 
 36 35 36 39 28 15 22 30 21 39 15 30 
 19 46 28 47 15 36 24 43 22 42 17 14 
 24 23 49 37 10 38 45 24 30 50 14 16 
 44 12 44 17 49 35 48 40 50 43 33 49 
 28 25 27 38 10 22 18 44 12 48 35 48 
 17 45 25 49 36 33 19 23 49 31 38 23 
 36 19 37 23 12 26 19 34 13 26 21 43 
 34 14 37 45 
 18 45 17 39 48 47 37 14 24 29 26 30 
 40 45 37 37 15 31 17 30 25 38 15 32 
 16 20 11 21 38 40 48 34 10 12 45 35 
 26 36 28 35 36 40 32 32 29 45 37 19 
 14 27 10 21 16 18 12 38 39 31 31 46 
 20 19 29 35 34 29 27 50 49 21 33 30 
 30 28 21 16 41 41 37 18 14 45 20 24 
 50 50 47 17 35 39 13 16 34 12 41 40 
 46 49 22 47 
 26 34 49 11 38 34 39 38 35 23 40 12 
 28 38 33 16 44 29 37 27 32 24 38 23 
 24 18 29 11 38 26 28 18 42 42 36 37 
 42 15 37 20 23 38 13 27 25 41 20 44 
 49 33 25 49 11 45 46 22 30 12 22 40 
 33 35 28 23 35 30 40 14 23 11 29 37 
 32 33 48 17 48 46 16 20 50 40 19 34 
 30 38 43 43 25 32 13 24 12 27 29 31 
 36 46 29 21 
 33 18 11 28 22 13 37 26 50 45 42 11 
 45 43 30 24 14 20 19 19 37 11 39 33 
 28 33 21 40 11 33 15 21 36 32 48 44 
 49 43 41 26 22 27 18 27 48 16 30 30 
 50 46 28 37 25 23 18 23 46 42 20 36 
 20 34 16 28 34 47 21 43 16 44 40 39 
 27 23 10 30 44 33 38 27 10 49 27 48 
 46 41 36 39 25 43 22 34 15 31 50 26 
 19 13 43 13 
 49 38 20 13 42 18 31 49 32 23 36 46 
 50 41 37 34 47 14 19 14 41 22 10 40 
 43 24 20 46 19 46 44 10 41 25 11 29 
 38 40 31 21 27 17 49 39 28 34 21 47 
 29 33 19 14 40 46 30 45 45 34 35 46 
 14 13 21 41 21 24 47 12 18 34 29 36 
 16 24 25 11 47 36 50 45 10 46 11 29 
 44 17 30 31 14 17 46 38 20 26 36 16 
 32 34 43 20 
 22 22 27 49 41 31 40 18 35 17 13 16 
 18 19 14 18 28 41 24 49 40 32 46 38 
 46 30 10 41 11 31 41 38 41 29 49 44 
 35 45 48 41 39 24 29 18 17 19 11 34 
 40 18 49 16 22 32 34 32 11 14 14 44 
 27 49 46 17 20 35 23 34 27 49 10 29 
 18 23 36 16 25 11 28 11 44 10 44 43 
 38 33 13 16 34 42 18 28 46 23 24 42 
 19 20 24 22 
 21 47 10 23 45 19 38 45 31 18 15 18 
 35 36 15 23 16 27 30 35 24 18 17 19 
 43 25 30 43 12 44 25 40 32 22 18 31 
 26 14 21 47 40 42 46 10 44 34 30 45 
 20 27 13 19 44 47 30 37 10 28 38 40 
 45 43 28 25 50 16 43 30 22 13 37 34 
 30 23 38 31 12 21 20 19 46 23 16 31 
 32 28 20 48 34 20 27 20 39 34 17 28 
 38 49 21 46 
 47 14 41 48 34 42 33 14 42 12 21 11 
 23 23 17 21 38 22 14 45 12 12 22 23 
 27 32 38 45 14 38 12 32 27 19 50 37 
 18 36 36 21 20 23 12 32 18 17 37 28 
 26 50 21 12 19 31 49 14 39 10 43 22 
 50 41 39 34 47 25 26 19 41 43 16 42 
 34 26 37 42 28 11 20 19 37 47 37 44 
 19 43 17 48 16 23 47 13 29 14 48 21 
 19 31 37 43 
 15 39 25 36 41 33 42 29 24 31 35 11 
 21 31 38 19 33 34 44 28 14 41 48 23 
 11 13 29 16 14 31 11 21 30 18 41 12 
 35 15 38 11 33 41 34 30 46 18 26 10 
 15 47 46 26 44 33 29 44 28 32 17 49 
 15 20 22 20 25 33 42 26 42 22 18 37 
 12 22 13 28 50 21 27 34 13 25 24 45 
 25 49 36 14 47 41 10 36 38 34 48 13 
 34 38 12 23 
 41 21 42 19 16 19 12 49 47 14 49 18 
 49 10 26 12 38 15 19 27 45 33 50 25 
 12 22 47 42 26 42 21 39 47 20 31 23 
 31 11 36 23 43 49 45 41 36 22 21 28 
 31 19 33 39 18 17 21 33 24 16 47 15 
 24 34 17 35 26 24 10 22 17 38 50 12 
 41 14 32 45 25 21 21 40 30 27 33 37 
 14 23 13 43 30 48 13 35 22 25 39 23 
 21 38 30 16 
 12 20 7 13 7 5 22 24 6 14 13 11 
 17 15 9 21 6 22 5 16 23 11 12 15 
 25 24 19 21 20 8 24 5 16 17 14 25 
 19 18 21 14 12 20 18 14 7 5 14 7 
 12 18 19 25 20 24 18 20 5 24 12 20 
 12 6 7 8 18 20 14 5 20 8 10 9 
 14 7 21 5 16 22 18 8 12 13 21 12 
 23 7 9 13 6 7 7 16 20 7 19 18 
 17 7 22 9 
 15 11 15 11 22 8 8 13 7 23 25 18 
 7 23 5 14 12 23 6 14 13 11 20 9 
 17 8 6 14 17 11 14 16 25 15 9 17 
 17 23 8 8 25 5 11 22 6 12 10 11 
 7 9 21 18 19 20 11 24 14 9 13 12 
 10 11 7 6 5 11 21 16 24 20 12 10 
 25 10 24 22 5 17 14 9 24 9 16 9 
 22 7 23 7 18 7 12 20 16 17 23 10 
 11 11 9 12 
 16 20 13 17 25 12 22 14 5 20 17 17 
 13 22 6 11 9 18 18 15 13 19 9 21 
 20 7 21 17 13 22 25 5 13 10 25 15 
 16 8 19 7 16 15 22 8 5 25 20 21 
 14 5 22 23 20 21 23 11 13 9 24 24 
 19 13 11 9 23 10 24 14 9 15 16 8 
 13 5 12 22 6 17 14 7 17 11 21 12 
 16 8 21 24 16 22 19 10 12 12 24 12 
 17 6 7 7 
 9 8 10 15 20 23 14 20 19 16 21 17 
 25 7 5 10 17 17 25 24 14 10 12 23 
 15 7 7 15 17 16 16 14 20 22 8 21 
 25 8 17 9 23 20 23 8 10 17 6 7 
 14 20 7 12 21 12 12 8 5 25 22 14 
 9 24 13 16 22 10 9 12 24 13 9 21 
 15 25 14 16 15 9 16 18 16 12 15 24 
 16 12 11 22 19 11 17 22 9 5 21 21 
 10 6 24 13 
 23 18 24 11 9 5 21 6 6 24 9 22 
 7 6 24 8 6 5 21 21 7 11 16 23 
 18 7 5 21 21 24 15 18 10 12 13 21 
 16 17 22 24 19 11 23 22 10 16 22 8 
 5 16 15 6 20 10 13 16 22 22 14 10 
 24 14 17 19 23 14 13 12 22 16 6 24 
 14 11 15 7 25 12 10 23 15 19 12 7 
 23 13 13 17 16 14 17 10 5 9 17 21 
 6 14 23 16 
 12 14 18 18 21 9 7 9 6 5 23 23 
 21 15 9 14 17 23 15 13 24 15 25 5 
 10 20 13 23 10 7 19 5 7 6 9 12 
 12 5 21 6 7 7 21 16 19 19 6 21 
 24 22 8 7 12 9 10 25 22 17 15 19 
 13 23 24 16 5 25 6 7 12 6 19 18 
 19 8 24 24 8 11 5 8 19 12 14 17 
 17 6 9 22 15 10 5 18 19 17 20 12 
 23 21 6 16 
 8 7 9 10 5 17 17 21 19 25 12 21 
 16 18 7 13 20 9 19 13 7 8 19 23 
 19 14 14 19 8 6 20 7 17 15 19 12 
 12 23 23 18 5 17 10 5 25 18 12 23 
 11 6 18 22 10 20 21 8 12 11 10 7 
 12 13 7 6 21 24 18 21 19 13 11 18 
 8 21 9 17 12 14 7 5 5 19 5 14 
 11 12 8 8 25 12 19 12 21 9 23 8 
 9 19 17 11 
 23 16 7 21 18 14 17 11 22 5 21 16 
 7 16 6 21 17 13 12 8 6 11 10 13 
 14 6 10 5 18 13 11 9 17 18 6 18 
 9 5 6 11 16 12 13 24 5 16 24 18 
 10 9 14 7 18 11 17 14 14 13 8 25 
 11 11 15 22 14 6 15 19 25 14 10 22 
 11 11 19 11 17 6 24 25 9 6 6 20 
 5 6 13 23 15 17 25 6 18 25 25 19 
 21 5 13 23 
 12 6 23 13 22 23 23 17 5 25 15 24 
 11 10 15 16 20 17 14 12 10 5 20 5 
 16 16 21 19 23 21 12 7 10 20 23 21 
 21 22 20 13 21 18 7 25 9 25 17 19 
 23 16 18 19 9 6 7 12 9 17 25 21 
 21 17 15 23 21 21 8 24 14 7 20 6 
 21 22 13 21 13 15 21 25 20 24 6 5 
 20 5 11 8 8 6 18 10 13 17 17 14 
 14 24 20 5 
 8 14 23 17 8 22 6 7 9 23 8 6 
 24 9 19 16 5 10 8 14 10 17 5 17 
 16 5 25 20 5 14 21 14 5 18 22 22 
 17 13 22 8 23 13 11 11 16 15 21 22 
 5 24 6 21 20 6 14 14 21 25 16 15 
 21 7 16 21 25 14 20 8 22 19 17 7 
 13 7 16 19 24 7 16 16 18 11 5 15 
 8 24 12 19 17 15 24 5 10 5 10 24 
 22 16 14 23 
 115 111 121 121 120 114 112 112 126 118 
 10 200 
 15 36 26 11 14 20 26 24 24 33 21 31 
 22 33 46 30 39 10 19 43 38 17 40 46 
 42 18 41 32 36 18 45 34 45 24 38 35 
 44 28 33 35 35 38 27 43 19 19 40 27 
 16 39 46 19 22 41 18 22 31 11 39 30 
 38 34 39 39 31 22 35 15 16 48 14 19 
 43 45 30 27 12 42 47 37 36 27 34 31 
 11 47 26 49 37 26 21 12 17 43 42 43 
 26 24 50 11 33 30 16 26 39 18 38 20 
 14 14 26 43 15 20 37 42 42 26 43 29 
 17 17 40 20 25 20 45 24 17 47 38 12 
 26 47 30 14 29 23 23 27 30 13 38 12 
 11 42 34 23 21 49 29 14 25 39 29 21 
 22 22 19 25 46 42 42 13 41 47 29 50 
 32 22 42 21 20 32 49 26 50 15 47 38 
 13 25 13 46 46 43 46 36 46 20 45 40 
 47 22 22 21 38 17 12 27 
 42 37 34 25 17 25 46 30 11 43 20 34 
 36 20 44 34 39 42 32 10 47 28 20 10 
 47 18 29 49 10 27 42 32 25 29 23 31 
 10 23 43 42 33 43 25 11 19 23 36 36 
 19 24 13 20 49 15 31 27 50 40 33 40 
 27 21 43 16 42 16 37 39 18 16 37 26 
 23 36 14 16 47 17 45 20 12 39 18 31 
 29 34 25 50 30 36 49 26 28 23 44 42 
 46 38 25 17 16 34 47 16 24 18 24 26 
 38 26 34 21 22 33 42 14 40 10 14 25 
 18 12 15 48 30 17 19 38 46 30 24 24 
 13 24 38 34 13 48 16 25 24 33 27 25 
 21 14 38 33 46 33 37 11 17 36 36 35 
 40 26 45 46 23 28 31 46 11 13 38 12 
 19 39 34 47 30 19 33 46 39 46 50 38 
 48 28 30 13 44 31 16 44 20 28 21 10 
 14 48 50 36 48 26 17 30 
 48 46 47 13 37 46 44 43 37 12 39 29 
 37 39 37 27 50 20 27 22 49 45 33 31 
 27 40 45 41 29 49 12 36 34 21 26 15 
 17 50 37 50 33 16 14 13 40 30 47 33 
 39 47 21 46 35 12 29 31 46 17 26 32 
 21 22 42 49 11 17 27 34 17 49 10 45 
 15 18 28 49 38 44 29 45 29 11 37 39 
 42 30 20 46 26 10 49 31 42 49 28 32 
 25 22 31 16 38 20 30 36 29 39 14 41 
 45 41 18 22 13 33 36 13 48 32 43 16 
 19 30 48 28 19 28 38 23 14 48 18 42 
 34 19 22 22 10 35 35 25 28 20 34 36 
 37 10 22 32 23 33 35 37 49 21 46 21 
 41 21 42 46 50 39 18 34 34 18 18 28 
 30 26 30 43 30 22 37 22 39 20 46 45 
 14 47 41 25 33 34 27 20 24 44 33 31 
 20 44 21 50 18 31 33 29 
 14 49 27 27 45 44 13 30 14 39 39 10 
 19 44 47 11 24 11 21 39 41 34 30 21 
 24 48 21 31 44 29 25 28 21 35 17 40 
 22 39 13 12 49 21 17 18 30 37 23 13 
 48 39 18 24 38 47 34 47 16 13 16 10 
 40 21 17 17 43 21 34 28 25 44 31 37 
 43 19 42 45 34 34 46 38 22 18 16 49 
 34 15 31 45 44 45 49 31 50 17 16 18 
 46 18 36 32 30 12 42 33 32 26 16 33 
 10 44 10 40 41 34 14 36 43 34 29 23 
 49 23 45 20 29 25 10 40 50 18 23 18 
 48 16 48 46 24 13 49 20 13 33 40 44 
 10 23 16 37 32 33 21 19 26 49 13 38 
 50 10 15 41 48 31 43 43 42 47 33 24 
 42 50 49 49 10 48 41 21 11 28 29 33 
 42 24 24 17 25 40 48 31 15 17 27 49 
 49 44 24 49 50 13 46 28 
 40 22 13 49 43 11 21 14 18 25 23 10 
 28 15 38 31 28 14 44 36 25 11 27 38 
 31 26 18 31 24 24 39 25 28 41 20 42 
 25 49 14 14 19 11 14 50 19 16 47 23 
 31 50 24 17 10 35 20 15 33 43 44 31 
 29 27 28 12 31 29 33 16 27 41 38 40 
 15 42 21 36 36 31 18 25 45 40 12 28 
 17 49 36 12 20 19 40 19 45 49 12 15 
 45 12 17 11 31 28 11 18 23 32 25 24 
 16 27 24 16 12 19 38 11 44 12 46 13 
 17 19 31 15 44 33 15 50 40 34 23 34 
 11 10 40 26 31 35 12 39 48 48 39 46 
 13 42 10 39 45 45 47 27 19 45 45 49 
 32 43 45 37 41 36 24 17 21 26 10 49 
 42 41 13 31 15 15 22 31 17 16 48 28 
 46 25 18 15 36 37 34 35 10 21 11 49 
 47 20 39 28 21 32 37 20 
 33 21 22 45 36 12 38 38 10 36 28 30 
 28 28 45 45 11 36 33 19 13 29 50 27 
 29 45 49 18 11 23 12 24 34 46 34 48 
 20 39 10 42 32 48 35 21 46 49 33 12 
 22 20 42 18 28 47 37 20 13 28 37 29 
 22 35 18 11 10 42 12 20 34 13 11 47 
 12 20 36 28 28 42 34 46 41 27 22 14 
 37 11 37 27 41 28 35 32 39 19 36 42 
 19 37 40 29 13 15 14 46 21 19 41 44 
 15 40 43 18 10 34 21 39 14 21 14 35 
 43 41 33 46 39 10 33 45 12 36 47 32 
 13 40 17 17 16 11 24 34 45 33 39 34 
 11 34 10 12 50 12 40 17 48 40 30 18 
 36 37 41 18 36 23 44 33 38 44 41 14 
 12 19 46 10 24 12 24 25 14 42 43 26 
 26 39 47 21 15 19 23 25 37 49 32 29 
 29 42 49 46 48 19 11 35 
 38 46 46 33 17 47 24 32 48 50 17 17 
 19 35 31 38 41 31 18 34 40 34 47 12 
 24 34 40 13 36 41 38 26 13 32 10 13 
 42 43 50 45 29 28 34 12 21 12 15 50 
 32 26 23 17 41 20 24 12 28 40 41 48 
 29 20 12 44 34 20 50 29 28 28 14 42 
 13 49 39 48 14 23 43 26 31 13 48 40 
 26 33 12 21 21 39 40 28 50 26 12 13 
 49 27 37 48 20 27 15 30 27 38 22 49 
 18 35 21 50 14 22 28 10 16 16 40 20 
 39 29 28 45 31 50 17 49 20 11 48 45 
 15 23 14 46 32 25 16 26 43 18 46 25 
 11 18 23 12 28 34 39 21 48 26 39 33 
 23 37 31 11 46 30 45 46 48 40 36 34 
 43 15 17 45 14 19 29 11 25 29 15 13 
 29 28 48 22 30 28 33 21 26 15 42 35 
 34 37 31 44 21 17 50 47 
 49 33 26 14 11 45 32 13 32 18 30 32 
 22 17 46 10 21 47 10 45 38 11 21 37 
 30 47 14 42 36 17 46 48 10 44 47 14 
 27 19 18 25 24 10 19 15 44 23 38 44 
 31 36 18 25 48 48 44 47 11 12 50 10 
 24 17 43 27 26 28 47 12 49 25 15 31 
 46 46 15 37 44 24 11 47 43 49 26 17 
 38 27 50 43 10 25 29 50 34 35 39 45 
 45 28 39 26 15 26 33 42 35 26 16 23 
 46 35 19 13 11 34 48 43 26 12 41 31 
 30 36 14 28 25 47 19 29 29 23 37 42 
 21 23 27 17 23 31 23 26 27 34 16 47 
 29 42 20 50 25 22 44 46 10 12 27 23 
 33 27 31 16 38 12 22 13 35 14 15 29 
 16 39 43 27 40 33 22 38 39 19 46 39 
 37 38 29 30 25 23 16 41 45 31 24 34 
 21 13 15 24 18 41 39 13 
 35 47 42 17 50 48 40 28 40 14 27 16 
 22 36 31 39 39 34 11 16 43 31 15 16 
 25 22 45 46 46 17 46 18 32 30 33 36 
 12 49 16 46 43 12 34 40 11 33 27 31 
 33 31 47 11 43 38 42 47 27 13 20 19 
 26 21 44 38 14 24 35 10 44 46 42 29 
 35 17 19 13 32 45 18 38 41 18 41 21 
 13 21 48 37 20 20 15 15 23 47 27 18 
 43 42 25 37 48 10 31 23 13 12 17 12 
 22 46 31 37 31 17 36 45 39 31 37 48 
 10 15 29 30 13 49 12 12 32 35 29 22 
 47 30 42 25 32 39 29 39 37 48 33 38 
 24 30 38 13 36 34 42 49 17 31 22 32 
 47 17 42 20 30 15 33 41 11 31 35 18 
 38 38 18 23 43 23 17 35 15 38 15 24 
 34 37 34 40 35 36 42 37 48 24 18 35 
 19 12 30 13 32 19 39 16 
 31 49 31 26 41 22 41 13 13 38 22 25 
 19 45 12 47 30 19 14 28 13 20 32 34 
 35 34 14 34 29 39 20 19 26 50 40 38 
 25 14 24 28 42 50 36 12 49 21 38 46 
 24 29 35 41 16 33 33 26 48 27 24 42 
 37 14 12 17 10 36 19 13 25 47 31 40 
 16 28 36 31 14 49 35 42 12 50 40 35 
 42 50 39 49 40 38 23 26 45 27 34 32 
 27 25 26 42 22 47 28 42 28 30 48 13 
 43 49 33 27 43 48 49 23 28 16 50 47 
 49 10 17 26 35 37 44 28 50 10 45 16 
 34 19 49 11 19 48 18 24 12 20 43 26 
 18 47 46 23 28 38 47 35 46 29 16 47 
 24 44 26 44 29 45 20 43 28 49 27 41 
 30 14 22 11 37 45 23 49 14 48 19 25 
 50 18 38 16 13 35 34 25 23 47 31 24 
 48 41 23 31 49 18 42 45 
 7 5 19 16 23 15 24 16 14 24 22 23 
 7 22 12 14 24 25 25 19 5 20 19 7 
 14 16 13 16 15 21 10 7 13 13 20 22 
 24 10 11 8 17 24 21 17 5 9 25 20 
 19 21 13 25 15 8 9 20 20 23 24 7 
 24 20 22 8 13 16 6 13 25 11 5 7 
 12 16 5 19 5 10 8 13 6 20 5 18 
 11 11 7 13 6 7 9 22 7 20 20 11 
 15 6 5 15 19 12 5 19 25 5 21 13 
 10 10 9 17 6 19 21 17 18 24 20 21 
 25 12 18 5 8 18 9 16 12 5 9 18 
 19 6 6 25 7 9 17 9 17 17 6 7 
 7 23 22 25 15 20 5 9 9 8 21 8 
 21 11 25 17 5 25 10 18 13 8 12 19 
 21 12 25 20 21 16 11 17 22 6 12 8 
 19 13 16 22 25 15 7 8 21 14 10 22 
 23 22 24 13 6 12 19 10 
 12 11 16 25 15 13 5 9 11 17 19 18 
 24 16 14 14 21 22 14 25 17 23 6 13 
 18 9 25 8 22 9 17 23 14 8 6 25 
 7 12 22 25 24 6 6 11 20 22 14 18 
 15 9 14 21 18 11 23 7 12 24 13 10 
 17 11 6 14 7 19 12 6 24 20 8 17 
 14 20 7 6 15 21 22 17 11 25 5 6 
 7 13 21 17 15 15 9 13 9 11 19 18 
 21 25 11 21 7 17 23 15 24 9 11 10 
 14 24 17 12 20 5 8 15 6 23 14 6 
 21 20 16 11 11 18 20 19 6 20 24 24 
 17 8 14 22 22 17 11 11 17 23 9 17 
 20 20 23 25 13 13 9 15 11 25 15 8 
 11 22 5 20 7 24 12 15 10 16 24 14 
 24 15 23 22 24 5 21 19 14 25 12 15 
 22 15 24 19 15 7 15 8 18 12 23 15 
 10 10 21 19 20 22 6 24 
 10 25 24 20 7 23 5 21 16 24 22 15 
 25 21 6 6 8 12 22 21 13 19 12 15 
 11 18 14 24 15 5 6 15 12 16 11 7 
 21 23 9 21 23 14 18 13 10 20 20 20 
 14 16 6 22 19 9 6 24 11 18 21 22 
 24 10 22 11 25 8 6 12 12 12 10 9 
 20 20 9 6 25 25 17 18 21 21 21 8 
 10 11 8 20 19 8 11 10 10 13 22 25 
 11 11 13 24 8 19 18 12 19 14 6 13 
 9 23 22 10 5 23 17 25 23 11 14 17 
 11 20 15 12 14 15 7 5 22 24 14 18 
 11 10 14 10 20 22 23 17 25 25 12 5 
 11 24 10 18 6 16 10 21 8 8 7 12 
 15 14 11 16 12 13 17 13 20 11 11 18 
 7 15 10 7 25 17 17 24 8 17 20 19 
 10 11 17 14 22 24 22 21 5 8 19 16 
 5 17 9 15 10 7 16 23 
 16 17 7 16 25 8 17 19 14 25 24 5 
 18 21 25 13 6 20 17 14 18 16 6 16 
 14 23 21 12 17 24 25 9 25 17 11 19 
 13 6 25 22 10 18 22 16 11 11 18 8 
 5 5 10 10 20 12 22 23 14 25 24 15 
 8 24 6 15 18 17 21 19 17 17 25 14 
 10 17 19 18 9 24 10 24 9 15 24 12 
 18 14 6 18 9 9 11 23 12 12 23 12 
 12 8 20 22 20 5 13 16 10 12 19 18 
 6 24 8 20 14 13 20 8 12 18 12 16 
 11 11 21 16 13 10 5 6 5 9 10 16 
 23 18 19 20 15 24 8 12 16 12 13 9 
 25 15 23 11 24 17 24 7 18 15 8 21 
 9 21 20 19 6 9 18 18 23 19 22 11 
 15 20 15 17 5 12 13 20 10 24 19 18 
 6 5 17 16 13 14 14 7 21 6 23 5 
 7 6 11 5 13 11 13 12 
 10 18 10 15 23 25 11 15 9 13 17 7 
 15 19 20 20 10 10 19 10 20 7 21 14 
 11 9 18 21 6 19 18 18 25 7 6 14 
 8 10 22 10 5 25 7 7 17 8 11 11 
 5 18 5 9 20 23 17 10 24 14 11 13 
 10 25 11 20 10 25 17 24 25 8 11 17 
 9 11 22 6 20 7 24 19 7 17 21 6 
 6 14 21 11 21 8 22 14 9 11 21 20 
 6 15 19 21 6 19 18 22 21 13 14 20 
 6 7 22 24 5 19 9 9 7 21 19 9 
 24 6 5 20 25 19 5 19 18 15 8 5 
 7 21 11 23 24 21 20 24 17 19 19 21 
 20 25 22 11 23 19 25 13 21 15 20 10 
 16 8 19 8 18 10 7 21 18 11 13 15 
 9 15 18 24 8 13 24 22 17 24 7 8 
 12 8 7 23 7 8 24 11 19 22 22 18 
 6 14 15 15 5 9 18 7 
 18 25 7 25 16 21 15 10 9 15 20 22 
 10 5 6 15 25 11 15 13 25 16 10 7 
 8 11 17 24 14 11 11 23 13 9 9 21 
 8 9 24 6 16 7 13 15 10 7 14 19 
 23 15 19 7 23 12 11 14 19 14 17 22 
 25 13 9 18 9 15 7 5 15 7 13 23 
 5 19 24 20 22 9 12 19 17 25 19 14 
 20 7 24 7 16 6 24 12 15 11 23 25 
 25 22 6 21 20 25 18 6 9 17 9 9 
 10 7 17 15 10 10 21 15 18 19 19 14 
 8 20 25 22 20 20 12 9 25 14 14 11 
 24 7 5 22 9 17 10 22 21 17 16 20 
 13 15 12 18 18 5 19 12 9 16 12 19 
 10 13 11 12 24 9 19 25 5 24 12 23 
 12 6 8 20 10 10 7 22 20 9 24 13 
 17 23 18 17 19 24 19 21 15 6 25 8 
 22 13 12 17 20 17 11 23 
 12 21 8 10 18 22 23 22 16 13 7 17 
 7 6 23 14 5 5 19 5 20 11 8 7 
 25 21 5 24 20 15 24 5 10 24 14 6 
 17 24 24 16 11 16 16 9 20 11 12 8 
 23 9 9 17 7 21 12 12 6 16 14 8 
 14 22 23 11 14 9 15 22 18 9 6 17 
 22 17 6 15 23 12 15 16 13 15 8 23 
 15 6 17 21 8 12 15 18 7 22 16 14 
 19 23 20 18 8 10 17 8 12 5 14 22 
 19 24 14 7 24 10 17 16 21 21 14 6 
 17 13 6 23 23 19 21 23 5 16 19 19 
 13 16 13 10 13 18 20 25 10 18 24 9 
 11 13 17 13 15 13 8 14 6 10 8 18 
 21 16 7 19 24 11 6 13 12 19 6 16 
 24 23 24 19 15 9 8 21 16 10 13 16 
 10 14 16 6 19 7 23 24 17 15 17 21 
 8 20 18 16 25 6 17 14 
 6 15 10 8 7 8 6 17 6 18 10 8 
 10 13 5 19 23 13 13 25 5 18 23 19 
 22 24 9 24 5 10 21 8 14 22 23 18 
 20 6 8 5 21 22 16 23 21 19 16 20 
 10 10 5 7 15 6 11 21 13 13 20 18 
 6 17 24 14 5 18 8 20 20 16 14 11 
 19 17 22 11 21 19 21 15 6 7 8 7 
 13 20 19 5 18 7 9 6 17 14 22 24 
 25 7 17 8 14 5 17 10 12 8 18 13 
 8 22 23 22 19 5 10 20 5 19 15 8 
 20 16 22 20 21 10 6 23 25 5 18 23 
 25 5 23 15 16 10 19 12 17 14 16 14 
 22 11 25 8 10 23 21 18 7 17 21 12 
 23 12 18 11 24 15 24 6 10 24 8 11 
 14 25 19 14 18 23 10 19 19 24 22 17 
 6 10 10 17 19 19 13 24 21 25 11 25 
 7 8 8 8 6 10 23 20 
 16 25 16 13 18 12 25 18 20 10 19 17 
 8 19 6 5 17 19 5 20 11 13 10 9 
 10 8 8 22 8 12 6 17 19 12 9 24 
 24 7 9 7 21 7 13 23 8 6 6 14 
 12 24 10 6 8 23 12 11 10 6 23 22 
 24 16 12 9 7 19 19 6 15 14 7 17 
 23 22 23 14 13 9 20 9 22 9 18 18 
 21 18 7 7 14 23 9 11 21 8 24 24 
 10 5 9 7 11 15 15 13 19 9 9 14 
 8 24 5 12 10 21 23 11 16 22 15 9 
 16 8 11 15 22 15 19 16 7 22 24 14 
 8 13 18 14 23 14 14 11 17 5 18 18 
 7 13 20 7 18 17 9 24 16 22 12 24 
 8 21 25 20 22 8 9 22 17 12 16 13 
 21 10 24 17 17 8 19 17 13 10 7 12 
 6 6 14 10 21 14 18 12 18 12 22 22 
 5 12 14 8 6 13 18 18 
 22 23 23 8 25 8 6 13 10 7 25 16 
 20 11 5 6 24 22 14 18 24 10 23 23 
 16 13 9 15 24 18 8 12 24 25 21 5 
 12 19 7 25 12 5 12 14 13 11 14 20 
 7 13 12 25 17 21 10 19 19 17 7 9 
 11 6 20 12 11 17 7 15 10 11 22 24 
 16 17 14 25 16 9 17 14 18 5 22 21 
 5 5 21 19 6 24 22 24 8 19 20 8 
 16 12 15 6 24 19 22 19 7 25 15 11 
 17 23 9 9 11 5 17 17 16 5 22 9 
 17 17 8 11 11 15 5 6 14 12 17 13 
 17 14 10 10 20 19 23 22 23 12 13 17 
 7 9 11 10 8 25 13 7 17 13 25 13 
 15 13 7 6 12 6 10 15 9 7 23 14 
 11 20 5 7 13 15 5 24 16 21 24 22 
 22 21 5 6 18 18 11 13 8 12 8 23 
 22 16 11 13 18 8 7 22 
 236 248 241 240 238 243 238 239 229 233 
 20 100 
 34 28 28 11 10 21 36 32 45 15 19 33 
 43 32 35 28 18 25 21 31 39 34 35 24 
 26 50 32 26 11 31 28 43 20 17 33 27 
 23 44 25 45 30 13 17 14 33 26 25 36 
 13 50 32 17 39 14 49 14 47 35 34 11 
 31 33 19 29 49 19 41 17 41 40 23 36 
 35 32 18 29 50 15 24 27 34 34 24 29 
 29 21 34 34 14 29 40 23 32 42 11 10 
 29 46 28 43 
 30 24 30 25 48 33 35 14 33 41 43 12 
 18 42 34 28 31 31 40 37 47 25 22 41 
 33 37 48 33 47 47 13 11 33 16 28 20 
 33 37 41 36 37 24 36 33 37 31 23 29 
 25 20 25 46 33 30 40 16 45 40 34 12 
 42 30 21 43 43 29 26 19 49 43 16 48 
 29 45 21 39 18 19 38 13 20 44 47 33 
 38 32 32 28 31 31 21 11 46 26 37 20 
 47 38 14 48 
 46 26 25 13 11 21 41 48 19 46 47 11 
 22 33 28 39 19 39 25 44 30 25 43 44 
 26 40 13 41 29 13 50 40 27 25 12 25 
 19 31 42 26 36 46 21 22 30 42 38 11 
 29 35 48 40 36 42 38 30 42 15 23 46 
 44 50 48 40 14 13 50 23 41 31 33 10 
 33 12 18 13 36 39 44 50 13 26 50 41 
 33 15 46 40 48 39 25 30 20 34 34 39 
 38 24 50 38 
 20 14 48 24 32 40 18 42 27 35 43 39 
 10 34 30 41 41 40 13 13 11 11 21 33 
 43 16 12 19 24 32 11 27 13 15 23 41 
 27 41 45 13 22 39 11 14 34 21 27 43 
 34 48 30 36 34 16 17 24 27 45 13 30 
 33 26 16 38 31 26 40 21 28 25 46 43 
 36 15 32 42 30 48 45 18 19 11 47 26 
 30 31 23 23 44 45 12 29 19 17 31 46 
 37 38 44 38 
 16 24 12 11 35 12 10 12 40 33 50 28 
 38 21 41 47 10 17 12 17 39 22 45 45 
 29 34 22 36 29 40 42 30 26 44 19 12 
 22 34 35 49 37 36 13 19 44 46 13 33 
 37 31 40 43 28 20 12 11 43 44 45 41 
 39 20 27 44 29 33 26 25 31 42 19 20 
 50 11 31 30 26 12 28 26 24 29 49 23 
 26 42 41 15 17 33 35 22 11 49 14 38 
 48 37 35 40 
 10 39 20 27 40 16 41 28 47 50 11 19 
 25 27 22 13 36 48 38 49 40 46 12 32 
 47 28 45 37 39 41 12 14 24 26 39 36 
 23 46 25 27 43 41 36 31 22 19 29 36 
 19 38 16 14 13 26 43 50 37 25 20 15 
 13 47 49 34 47 43 19 44 28 31 10 12 
 21 32 38 30 13 17 20 41 48 12 12 44 
 14 16 32 22 29 22 29 17 37 38 38 36 
 50 47 50 36 
 19 44 25 15 28 24 14 14 10 13 33 28 
 28 49 47 15 11 38 13 28 22 43 22 33 
 26 14 36 44 36 36 41 26 11 16 24 37 
 20 20 29 10 38 18 26 47 22 21 42 38 
 29 10 22 32 12 27 13 45 34 36 26 50 
 44 45 49 17 36 17 44 50 27 20 49 32 
 14 20 42 33 44 47 25 49 24 33 16 50 
 26 35 41 21 47 21 33 16 23 28 34 42 
 17 13 47 30 
 35 23 23 45 34 26 50 14 20 39 50 14 
 49 23 40 22 45 46 48 40 22 28 46 34 
 41 19 17 40 13 33 36 47 22 27 46 40 
 43 24 17 26 35 30 28 49 47 36 19 24 
 45 35 40 49 15 10 15 42 34 50 48 19 
 16 41 20 15 40 28 36 38 40 18 42 30 
 44 10 20 14 17 28 46 14 35 19 46 22 
 12 25 20 28 16 31 35 18 30 22 13 22 
 15 23 14 10 
 40 33 19 40 34 12 29 46 12 11 11 44 
 17 14 40 46 15 23 19 29 34 32 34 24 
 36 18 29 41 27 44 26 35 31 31 13 36 
 30 22 39 22 19 19 15 50 30 33 18 31 
 37 19 17 50 47 42 42 11 25 13 50 13 
 29 46 20 20 13 34 49 48 50 30 22 14 
 36 22 40 19 21 48 44 42 27 42 20 25 
 48 46 41 25 46 46 17 12 50 18 50 21 
 44 42 36 35 
 22 20 10 40 38 11 29 29 17 28 40 48 
 27 21 42 18 25 31 36 16 38 15 39 37 
 28 33 31 45 30 33 47 45 32 18 23 26 
 10 34 13 43 35 26 34 48 12 27 14 20 
 40 21 17 49 35 41 26 15 19 39 24 42 
 14 47 39 11 39 49 19 49 37 39 25 34 
 45 50 40 31 13 25 39 32 28 40 38 11 
 47 18 13 47 32 23 33 37 15 18 13 43 
 32 13 26 13 
 11 31 21 24 14 25 11 13 33 42 17 23 
 37 28 14 23 12 23 41 37 29 14 47 41 
 20 23 15 50 40 14 10 12 42 36 42 46 
 20 39 10 41 49 41 16 10 30 49 48 32 
 10 31 28 20 47 35 35 13 36 35 11 37 
 40 31 46 49 10 16 10 15 18 16 40 28 
 50 47 25 21 44 39 21 15 48 34 23 43 
 33 32 34 23 38 48 14 13 47 42 27 32 
 14 36 16 24 
 32 41 47 38 43 20 39 10 27 17 44 17 
 28 43 35 34 12 26 22 49 18 31 40 40 
 26 25 36 24 44 15 31 48 44 33 41 43 
 45 24 13 24 45 42 47 33 28 50 38 18 
 43 40 44 14 23 16 27 25 19 37 15 31 
 20 14 29 32 27 36 17 42 49 16 32 33 
 34 48 26 45 19 23 49 24 13 14 44 37 
 30 12 40 46 20 12 12 12 44 32 29 11 
 30 49 35 26 
 20 15 18 20 46 49 42 23 25 32 48 11 
 10 48 33 19 32 48 25 29 17 46 18 32 
 23 46 16 30 13 29 16 12 17 19 22 15 
 46 19 15 10 43 42 20 26 32 38 45 14 
 37 47 13 28 32 29 50 25 45 10 15 19 
 13 15 26 49 36 44 16 17 33 10 15 34 
 45 39 36 47 30 41 17 23 22 37 39 28 
 41 13 22 37 47 23 17 40 18 43 36 50 
 41 43 15 36 
 39 33 10 33 17 27 46 16 31 34 33 35 
 24 20 20 21 12 49 41 16 21 36 16 41 
 12 27 37 40 13 30 42 47 50 16 36 12 
 39 30 47 10 14 30 37 30 50 21 39 48 
 31 25 31 27 15 22 10 21 10 41 47 33 
 29 37 37 34 47 50 31 49 42 50 37 32 
 33 42 37 14 41 41 21 38 12 29 23 38 
 48 11 42 28 24 36 27 30 16 35 31 34 
 43 18 35 46 
 14 25 22 10 14 42 26 24 31 18 16 10 
 28 26 29 47 32 15 34 36 17 45 42 22 
 36 14 13 49 46 49 36 16 36 37 48 48 
 41 39 21 47 31 33 38 33 21 23 49 42 
 17 22 39 31 27 16 20 29 44 22 20 50 
 17 26 42 42 41 22 46 11 25 44 23 12 
 22 23 22 20 11 24 21 38 22 39 27 46 
 46 19 34 18 10 47 10 17 31 32 46 32 
 17 19 31 20 
 37 23 14 47 42 26 31 18 50 29 33 40 
 44 11 16 43 18 40 18 27 39 13 25 21 
 37 30 24 47 48 42 22 40 17 25 45 19 
 20 14 48 41 21 42 32 42 49 26 27 32 
 44 26 14 42 46 26 33 19 17 20 19 14 
 27 46 41 46 24 13 24 30 21 25 20 29 
 47 21 31 26 21 25 43 33 16 41 44 34 
 42 49 43 18 29 42 14 50 24 44 34 22 
 25 33 49 49 
 42 28 22 14 39 47 26 43 36 11 12 35 
 20 28 35 50 11 23 28 34 41 12 17 20 
 42 26 30 41 25 48 37 32 13 17 49 38 
 24 36 38 11 24 47 47 34 17 11 18 40 
 35 31 47 50 17 10 20 17 18 46 24 24 
 21 16 11 47 43 41 18 27 23 24 29 42 
 49 50 21 36 42 50 49 25 42 11 41 19 
 36 30 38 47 22 50 12 21 44 22 19 26 
 47 50 14 40 
 11 47 27 29 26 39 16 15 41 45 44 14 
 19 43 35 24 48 27 31 17 19 48 36 12 
 37 23 10 16 40 10 46 21 36 18 44 21 
 49 13 33 37 37 13 27 46 46 21 17 34 
 38 34 22 31 27 25 20 23 21 17 39 49 
 47 29 41 48 19 11 33 11 21 29 40 10 
 44 14 43 26 16 24 21 29 25 43 18 17 
 37 28 13 12 47 41 22 25 29 32 15 41 
 36 16 14 24 
 22 39 46 17 32 22 42 12 37 25 44 37 
 22 45 50 12 14 42 28 23 41 50 23 34 
 41 42 27 14 37 24 31 31 24 19 25 28 
 44 12 38 48 28 18 44 13 35 28 50 44 
 18 28 41 31 42 37 46 36 28 23 19 29 
 45 23 28 33 12 40 37 21 36 39 26 45 
 45 15 25 46 24 22 18 46 44 50 29 17 
 45 37 39 17 34 36 15 35 36 41 16 20 
 28 34 21 21 
 39 33 30 27 36 47 37 27 22 12 16 24 
 15 26 19 13 36 41 15 35 33 41 47 30 
 21 24 28 10 44 30 46 27 37 47 11 44 
 43 42 49 21 18 27 50 10 34 17 37 21 
 37 39 12 12 13 16 26 22 46 37 42 10 
 47 39 17 41 47 49 42 14 41 30 37 18 
 33 48 27 27 14 21 33 48 22 20 50 26 
 19 42 29 28 26 24 18 17 39 45 50 37 
 41 49 10 48 
 24 23 5 7 9 5 20 22 7 20 11 14 
 18 7 25 12 10 8 11 7 10 13 18 10 
 25 5 17 10 10 25 22 6 6 11 25 20 
 15 23 20 14 24 7 13 24 5 10 8 24 
 5 9 12 25 21 12 24 6 21 13 12 10 
 18 14 21 5 25 24 9 11 6 18 11 7 
 16 19 9 12 23 14 6 17 13 10 7 18 
 17 13 7 17 6 25 8 23 5 11 18 23 
 15 20 21 8 
 12 22 13 15 9 17 10 15 13 10 12 8 
 23 15 11 8 15 22 12 20 12 20 17 5 
 16 15 23 12 21 8 21 23 18 20 16 23 
 17 17 25 10 20 7 8 10 12 19 15 17 
 10 6 14 7 11 7 7 21 11 25 17 25 
 10 9 14 9 5 19 20 8 16 23 5 24 
 24 15 14 8 23 25 16 12 12 13 20 7 
 8 25 14 15 7 19 13 21 21 9 7 7 
 16 25 19 9 
 14 5 8 22 18 22 18 25 5 25 10 5 
 10 6 9 22 11 20 12 17 20 15 15 21 
 16 5 8 22 25 24 19 12 23 8 7 18 
 18 13 20 12 18 20 17 13 8 12 15 5 
 17 9 19 23 21 11 22 16 7 5 7 20 
 25 19 16 21 22 23 22 9 12 19 13 22 
 23 24 18 16 8 15 18 10 8 20 13 11 
 17 24 19 12 10 25 17 14 5 16 20 14 
 18 9 12 17 
 8 25 22 17 11 16 15 19 8 19 13 21 
 14 6 15 5 15 9 9 12 9 8 9 23 
 14 18 10 23 5 18 18 6 9 15 24 16 
 21 6 13 10 25 6 9 15 13 14 7 14 
 16 23 25 9 17 11 22 7 16 8 23 13 
 23 9 25 7 16 17 25 11 16 15 20 25 
 7 20 24 8 8 18 16 8 19 20 8 14 
 9 19 11 12 9 7 19 7 19 12 18 16 
 6 13 6 8 
 8 10 23 19 7 22 7 8 9 21 6 6 
 20 14 18 11 12 23 16 8 14 18 17 20 
 6 25 24 9 13 9 21 10 15 10 12 17 
 10 13 24 16 15 16 7 7 12 19 20 18 
 17 7 19 11 23 22 25 19 6 14 13 11 
 8 8 11 12 24 24 21 5 19 14 25 9 
 8 5 8 18 24 8 14 8 22 25 23 19 
 6 17 23 10 7 18 16 9 20 12 14 24 
 24 6 23 15 
 13 6 19 19 21 22 22 7 22 14 13 8 
 12 16 13 15 15 5 23 11 24 24 25 15 
 12 24 17 8 14 5 13 21 8 7 23 11 
 11 6 22 10 10 7 21 20 22 12 15 7 
 12 5 9 14 16 5 16 5 7 24 19 7 
 23 16 11 24 19 17 7 25 25 9 25 25 
 8 20 11 20 8 15 20 7 21 16 19 7 
 13 10 5 21 24 13 11 11 20 24 16 7 
 16 13 14 13 
 12 10 7 13 14 23 12 17 18 12 16 13 
 19 14 18 11 11 12 12 6 18 12 18 9 
 6 23 8 20 25 14 17 6 12 19 9 25 
 21 25 24 17 24 25 17 24 22 17 6 22 
 11 14 17 11 21 21 13 23 7 17 13 16 
 11 15 21 8 11 14 13 8 19 16 16 19 
 5 20 18 5 23 22 17 8 24 11 22 10 
 23 18 25 7 18 19 15 12 15 14 25 14 
 21 25 21 22 
 16 25 13 15 9 17 14 7 10 25 12 17 
 22 25 10 20 8 22 10 14 16 13 21 9 
 15 5 16 16 21 6 19 5 18 19 8 15 
 10 22 25 24 12 20 6 6 11 7 9 25 
 23 9 23 8 10 9 21 15 5 25 17 21 
 17 6 13 24 5 5 8 20 7 12 7 12 
 9 24 8 8 20 21 7 9 24 18 23 9 
 14 11 5 19 17 6 21 9 23 23 13 5 
 16 12 13 6 
 8 13 7 17 25 8 17 12 25 16 14 7 
 9 25 6 10 7 7 7 17 20 25 12 15 
 19 18 9 25 6 25 13 5 7 21 6 24 
 12 9 23 19 8 13 20 13 13 5 18 20 
 19 19 22 7 18 12 8 8 10 10 15 19 
 6 8 8 23 5 21 10 25 7 18 7 5 
 23 22 20 7 25 15 18 21 22 16 24 14 
 14 22 18 12 12 22 25 10 7 7 16 17 
 11 25 7 15 
 21 6 7 22 23 21 9 14 12 7 15 9 
 19 16 14 5 7 25 21 24 24 6 15 5 
 14 8 20 24 18 19 7 16 19 7 8 14 
 15 19 5 23 19 17 12 16 17 7 11 13 
 13 12 10 18 14 8 24 16 8 12 20 9 
 8 15 20 12 7 12 8 22 8 14 8 5 
 7 18 23 8 12 9 19 15 5 16 10 19 
 17 19 10 17 11 24 24 19 10 15 19 11 
 6 9 19 18 
 21 12 18 21 15 22 12 5 6 7 21 12 
 13 5 18 8 12 21 19 8 18 24 14 8 
 20 11 21 7 15 9 21 11 18 11 17 10 
 16 21 19 22 8 18 22 8 23 10 20 23 
 9 5 12 14 23 16 5 9 19 24 21 19 
 8 22 9 5 10 17 12 21 23 6 11 25 
 13 7 11 16 18 19 17 11 24 12 16 23 
 15 20 22 7 16 25 18 7 17 15 9 15 
 17 24 8 22 
 24 10 12 20 24 10 18 8 19 20 21 17 
 15 11 19 6 23 17 21 24 9 12 13 19 
 10 16 19 14 24 17 15 9 25 22 14 23 
 10 11 14 23 23 20 15 21 14 23 9 24 
 8 5 12 13 19 17 9 25 15 13 8 6 
 21 9 24 23 6 10 22 5 8 25 13 25 
 24 6 16 14 16 15 19 15 14 7 17 24 
 17 16 11 20 12 13 18 14 8 6 25 5 
 11 25 12 16 
 21 13 9 20 13 6 9 25 23 5 22 7 
 16 20 7 19 19 19 24 24 22 21 23 9 
 12 20 14 5 12 15 15 12 19 10 22 20 
 19 25 17 14 23 23 12 11 11 20 9 17 
 8 21 16 21 20 22 6 24 25 11 6 17 
 24 6 11 11 19 16 8 23 25 6 8 19 
 14 23 8 20 8 6 18 10 16 10 18 20 
 20 22 7 18 6 13 22 15 16 8 12 23 
 25 24 10 7 
 12 16 6 8 19 12 8 14 18 15 24 5 
 19 23 22 13 11 24 14 10 23 5 18 22 
 14 5 23 8 7 13 10 19 21 17 7 9 
 6 6 13 16 24 24 5 24 22 23 21 17 
 23 11 7 14 7 19 18 23 24 24 20 7 
 24 15 13 6 5 13 18 19 15 11 5 15 
 7 5 16 19 14 6 11 13 15 7 20 15 
 22 14 5 8 25 9 12 12 19 8 6 25 
 18 7 16 11 
 7 20 10 22 9 17 21 22 16 18 10 8 
 11 15 17 13 11 18 5 13 13 6 19 10 
 24 22 17 11 8 20 12 16 14 16 13 14 
 5 12 14 16 10 9 17 13 8 15 14 25 
 10 11 5 15 25 19 11 23 17 14 17 7 
 22 13 9 13 13 13 24 13 6 24 24 21 
 9 5 13 21 20 8 21 19 21 20 14 18 
 10 10 15 24 24 12 17 22 21 8 22 21 
 8 13 11 24 
 24 5 11 7 12 18 22 10 18 16 17 19 
 9 21 25 9 17 23 5 25 15 14 12 25 
 5 25 16 9 10 9 8 15 24 10 7 25 
 25 7 8 5 10 17 15 24 11 23 7 21 
 10 18 9 10 11 5 18 11 13 21 9 25 
 18 22 8 22 7 9 16 13 17 5 19 15 
 22 10 18 5 7 20 20 9 12 19 7 18 
 17 23 12 22 16 17 13 6 17 21 7 24 
 18 13 11 10 
 10 13 24 9 15 15 24 12 7 18 17 15 
 21 5 9 21 5 10 15 21 5 11 7 9 
 17 7 23 21 10 13 23 24 9 20 12 6 
 8 8 17 25 25 11 18 24 12 17 20 8 
 15 23 8 17 8 20 7 22 19 10 15 24 
 20 19 7 21 7 5 17 5 18 8 21 19 
 23 24 23 24 19 15 14 21 13 24 15 23 
 8 22 18 6 6 7 5 22 16 19 18 19 
 5 17 12 13 
 15 11 24 25 10 9 15 9 8 17 18 14 
 13 6 20 16 6 11 17 20 13 8 17 11 
 7 23 17 11 8 14 16 19 10 12 11 5 
 23 10 18 19 8 21 11 20 14 15 12 18 
 21 25 13 15 19 9 14 13 18 19 19 7 
 10 23 25 16 8 8 19 23 24 20 18 15 
 22 6 25 23 24 20 19 16 5 17 8 18 
 8 18 5 11 10 13 10 8 12 20 19 23 
 14 12 11 7 
 22 18 24 5 7 8 20 22 15 22 12 20 
 13 23 15 9 15 10 19 17 21 14 9 10 
 21 11 20 23 7 20 10 9 13 17 25 20 
 24 25 12 11 10 13 25 24 12 16 19 23 
 20 11 6 21 6 6 7 25 10 13 13 23 
 24 24 25 8 24 16 12 15 23 10 8 19 
 16 14 10 8 6 10 17 7 8 17 19 23 
 18 16 7 17 22 10 23 14 19 17 19 22 
 21 5 20 10 
 16 22 6 6 6 12 7 16 20 17 17 8 
 15 11 12 25 5 7 22 7 23 17 17 12 
 22 11 6 21 23 24 25 11 10 12 16 13 
 24 8 12 16 10 8 21 23 20 7 23 13 
 14 6 18 8 9 16 5 18 20 19 15 10 
 14 20 22 5 9 15 19 8 16 9 7 21 
 15 16 19 24 11 8 8 18 5 15 13 10 
 22 20 19 16 19 11 22 9 25 11 12 7 
 15 5 10 18 
 57 59 61 56 59 59 63 57 58 56 60 62 
 62 57 59 58 60 59 62 57 
 20 200 
 50 17 48 41 28 43 16 23 28 32 22 20 
 39 25 22 37 35 36 37 19 22 41 16 18 
 34 19 34 36 23 12 12 16 32 19 34 42 
 24 48 20 29 44 21 14 25 42 10 30 46 
 38 26 42 26 39 36 13 40 14 30 17 14 
 46 14 15 43 15 34 40 31 28 14 24 46 
 36 15 20 11 35 36 14 17 26 11 37 48 
 12 25 10 45 29 38 17 34 29 16 36 16 
 11 40 47 40 38 18 44 35 35 45 37 29 
 48 22 23 48 39 21 24 18 38 45 37 49 
 36 23 33 28 41 40 33 27 46 37 40 32 
 44 13 40 28 46 37 25 17 25 49 47 19 
 49 22 11 46 44 47 21 19 47 22 27 20 
 22 21 28 32 39 42 47 16 32 33 35 48 
 45 19 29 44 27 33 18 46 41 42 50 45 
 31 24 41 31 45 11 47 42 28 19 28 18 
 44 50 22 12 20 29 36 20 
 24 37 18 25 23 11 15 28 16 45 33 18 
 36 50 33 27 30 25 21 15 29 50 21 41 
 47 36 41 50 22 33 33 24 31 34 45 45 
 21 20 21 16 30 15 20 19 49 32 41 19 
 14 39 47 29 27 48 22 26 50 34 23 43 
 44 34 40 48 43 13 45 39 21 12 39 49 
 28 36 32 28 10 40 50 49 24 44 18 21 
 19 25 27 46 26 15 13 38 44 19 16 23 
 12 38 38 29 15 21 18 33 12 49 15 36 
 20 21 31 25 19 10 40 19 35 36 17 42 
 45 10 19 50 17 16 23 38 28 27 47 47 
 31 39 13 26 39 12 39 40 48 44 16 48 
 12 50 16 19 18 10 38 24 28 30 11 20 
 32 11 25 42 29 41 20 11 50 15 18 31 
 15 27 16 49 17 10 25 43 33 50 16 24 
 29 38 36 34 31 22 46 22 28 28 13 18 
 10 37 28 13 47 19 15 44 
 25 10 24 37 47 25 18 46 40 38 34 50 
 36 49 25 17 44 34 20 16 22 10 40 17 
 19 32 26 30 29 40 49 46 45 18 23 30 
 49 32 20 43 49 21 24 36 47 48 41 33 
 30 50 39 10 21 19 21 38 39 22 12 47 
 40 22 24 49 24 47 19 22 49 11 39 46 
 49 24 29 13 19 43 22 46 46 37 47 23 
 29 37 18 27 23 21 29 18 35 33 34 11 
 47 30 19 15 25 24 29 17 42 50 11 24 
 27 37 12 49 43 16 34 42 41 41 37 42 
 21 22 42 31 44 15 35 45 11 40 35 20 
 33 48 44 29 45 41 20 34 15 35 40 27 
 25 31 35 20 48 11 22 49 17 36 21 15 
 50 32 44 44 29 48 43 16 38 20 46 21 
 46 39 27 20 47 40 34 32 11 22 47 45 
 33 44 28 40 49 15 21 33 31 26 25 16 
 24 44 22 34 40 39 17 40 
 10 23 47 50 12 10 31 23 34 29 32 47 
 14 34 50 39 44 48 18 35 38 16 44 37 
 16 38 37 29 35 38 47 45 35 33 18 37 
 44 28 48 31 17 30 34 49 43 37 26 17 
 27 42 33 19 35 23 32 50 39 18 32 48 
 10 31 44 19 31 46 46 23 19 10 48 34 
 22 22 23 41 44 26 42 15 39 45 11 35 
 20 23 22 26 17 29 40 25 29 31 25 20 
 43 17 34 23 15 36 15 38 42 22 11 21 
 15 12 41 22 49 41 21 16 27 35 33 48 
 11 17 15 25 25 50 28 10 50 43 15 16 
 21 19 42 38 42 23 15 40 31 48 36 15 
 43 36 14 30 41 31 25 26 16 27 35 39 
 49 16 36 22 43 35 23 32 20 35 39 20 
 46 39 14 33 36 20 20 43 20 11 28 30 
 42 28 25 17 40 41 22 29 23 19 14 36 
 30 48 15 28 28 38 25 37 
 46 22 33 25 10 19 13 17 34 10 22 18 
 42 38 41 32 21 18 22 45 25 28 34 21 
 30 31 33 13 16 20 41 50 11 23 18 10 
 50 11 15 46 31 13 39 46 10 32 25 23 
 39 22 44 24 45 48 28 16 37 35 43 42 
 27 11 31 49 44 32 43 34 40 42 13 18 
 12 19 46 13 26 21 35 18 18 10 21 35 
 27 43 34 50 18 49 13 18 20 44 44 14 
 19 16 20 24 21 36 15 18 31 46 14 31 
 46 14 30 30 25 41 11 33 31 18 33 16 
 35 40 37 17 25 23 30 35 28 45 31 44 
 32 36 15 36 36 50 40 14 16 20 35 20 
 14 30 35 24 27 15 31 41 41 34 11 40 
 30 17 48 27 12 41 36 42 17 44 29 49 
 29 48 20 10 42 44 17 21 36 33 36 21 
 21 38 14 38 47 36 36 16 11 14 15 15 
 10 31 42 15 43 21 18 26 
 24 32 18 35 15 11 50 13 34 44 43 46 
 13 43 38 27 33 30 15 48 23 37 37 14 
 32 17 20 12 43 47 48 44 12 18 19 32 
 30 47 25 45 48 34 48 10 36 31 16 22 
 36 17 17 40 32 29 39 29 21 23 23 47 
 28 39 44 48 37 36 13 33 47 34 23 32 
 47 37 46 34 37 39 10 20 27 21 35 32 
 39 12 12 49 18 49 29 24 42 35 39 11 
 33 17 34 40 23 12 28 43 16 22 38 45 
 36 23 24 12 28 40 21 29 36 50 12 16 
 34 33 19 16 43 30 50 17 31 30 39 23 
 31 25 46 10 36 19 25 21 48 20 44 13 
 38 11 16 47 13 40 37 19 13 16 19 25 
 20 18 34 18 37 44 28 42 14 29 25 20 
 39 35 16 29 41 21 42 31 26 15 24 26 
 31 40 29 16 38 13 17 22 42 34 16 33 
 27 44 48 43 33 23 22 25 
 10 15 22 22 17 21 11 19 19 26 10 40 
 24 29 33 36 40 21 47 26 44 28 42 32 
 35 37 25 23 17 44 33 45 31 47 16 46 
 11 10 13 41 14 40 25 10 44 23 39 10 
 46 14 22 24 40 32 22 12 24 47 14 28 
 14 47 41 50 35 33 16 31 14 19 50 29 
 25 29 44 25 10 36 21 27 17 26 26 14 
 37 35 12 41 15 36 29 31 23 26 50 39 
 10 16 47 39 48 36 25 23 38 27 43 24 
 43 42 15 39 49 29 20 41 34 24 49 12 
 41 28 10 14 38 13 48 40 38 18 10 19 
 50 48 31 15 10 45 46 33 50 12 45 25 
 49 13 13 38 25 29 35 11 27 21 22 50 
 46 43 50 28 12 39 18 12 29 43 20 22 
 38 32 36 49 15 39 31 40 18 29 17 30 
 38 32 14 30 35 36 11 18 26 22 11 50 
 44 18 23 23 33 44 10 11 
 28 37 44 34 38 11 45 39 14 23 46 47 
 13 20 18 10 19 31 49 48 36 21 33 17 
 14 33 23 29 17 37 44 18 21 48 21 44 
 50 17 17 13 26 45 39 10 48 15 19 44 
 27 21 50 36 43 29 38 34 20 20 17 15 
 15 43 24 29 32 30 47 20 14 25 25 18 
 16 39 18 50 28 41 13 48 41 45 11 50 
 50 31 14 32 12 14 11 13 11 44 40 15 
 50 49 39 33 13 41 47 20 43 50 10 21 
 38 35 22 10 16 33 17 44 10 13 14 50 
 34 30 12 28 26 19 45 21 37 28 43 42 
 37 29 46 13 16 21 47 33 33 19 50 28 
 42 21 34 22 37 40 33 36 23 20 34 30 
 32 29 14 36 49 30 26 15 34 32 10 21 
 21 35 40 41 45 11 44 27 20 20 29 38 
 31 13 49 50 10 36 10 38 37 10 28 40 
 36 16 41 10 23 13 31 14 
 36 32 27 49 14 28 16 41 29 20 19 31 
 11 36 25 15 43 27 42 41 40 19 31 41 
 42 47 21 12 19 14 21 34 11 12 10 29 
 42 45 43 11 39 32 19 34 28 48 27 50 
 17 44 31 36 36 30 29 37 44 39 28 17 
 30 34 41 30 36 34 35 44 17 37 23 32 
 34 42 10 44 46 27 27 14 48 32 46 29 
 14 18 14 14 33 10 44 27 17 30 11 20 
 47 14 29 43 26 16 40 21 11 18 19 28 
 23 32 17 44 20 40 36 37 35 35 42 26 
 14 39 14 13 15 41 39 11 38 49 47 26 
 26 36 40 50 23 25 32 45 33 41 17 18 
 35 11 36 41 36 12 29 37 47 18 11 38 
 15 23 13 40 17 11 22 42 11 26 33 14 
 15 27 43 38 20 26 26 48 46 32 45 34 
 24 40 40 39 42 22 28 10 38 50 47 49 
 45 37 17 25 47 36 15 42 
 27 48 48 41 46 45 32 32 20 43 25 18 
 45 48 40 13 46 22 22 49 21 35 38 11 
 35 36 15 44 34 35 44 47 32 49 45 17 
 42 28 41 16 20 46 20 42 13 41 19 49 
 39 11 36 39 14 12 27 50 36 21 44 10 
 25 28 40 14 15 10 39 19 16 29 48 40 
 41 22 42 45 42 28 32 24 15 39 34 38 
 23 10 39 36 30 20 14 49 28 22 30 37 
 18 12 37 25 50 16 29 45 10 50 22 13 
 33 13 35 47 21 12 27 30 44 21 41 27 
 14 43 42 50 45 22 23 36 14 33 50 24 
 17 40 23 47 33 26 18 24 47 41 49 12 
 38 20 27 49 28 33 26 33 36 36 45 34 
 30 30 12 42 34 28 12 15 28 27 16 48 
 23 29 11 43 13 33 40 46 21 49 10 16 
 42 31 10 49 41 45 26 32 12 50 14 34 
 36 13 24 44 23 26 14 39 
 33 33 26 41 19 31 36 20 19 22 38 22 
 24 44 34 22 23 14 33 40 14 39 30 19 
 38 23 26 45 18 41 10 40 45 32 50 43 
 24 35 50 39 14 45 13 47 28 13 39 46 
 36 27 34 25 13 40 44 35 28 31 46 43 
 24 35 19 20 17 38 34 38 21 44 37 31 
 43 39 46 39 19 46 34 44 23 27 44 44 
 17 49 23 26 50 29 31 30 44 13 40 16 
 42 44 16 28 36 15 18 37 34 25 46 34 
 40 43 48 48 23 13 40 39 31 23 40 48 
 39 26 16 48 35 15 14 15 23 18 35 19 
 10 25 38 46 12 44 49 40 42 24 17 38 
 49 47 44 45 12 40 30 21 27 13 39 26 
 28 44 30 32 40 32 12 31 39 29 42 34 
 14 33 13 29 13 10 19 24 44 45 41 21 
 33 12 34 18 18 38 20 25 48 15 37 30 
 25 11 38 50 50 20 42 49 
 11 31 25 26 18 20 37 45 49 25 19 20 
 37 13 32 20 30 47 45 31 32 50 49 42 
 47 23 41 27 44 32 33 43 28 14 48 22 
 29 31 35 46 38 22 12 21 43 36 34 35 
 14 45 42 41 34 23 23 49 22 33 35 50 
 17 15 35 40 24 16 13 19 16 17 45 44 
 37 13 15 11 24 30 28 21 17 17 22 20 
 20 10 23 20 48 25 40 50 40 40 49 13 
 11 12 15 26 22 36 38 42 48 29 30 27 
 26 24 30 45 17 47 43 21 28 46 12 37 
 29 41 37 46 15 14 20 44 15 34 32 21 
 45 19 12 35 44 43 19 35 50 49 37 42 
 48 35 43 29 13 43 20 44 50 23 12 30 
 39 48 41 41 36 11 45 31 32 20 29 43 
 14 46 30 49 49 50 32 15 36 22 47 33 
 43 32 19 18 44 11 35 41 42 45 23 22 
 49 16 39 11 10 49 12 38 
 41 47 35 10 50 12 19 39 41 29 42 34 
 16 45 47 46 40 25 17 45 29 32 26 36 
 38 16 44 48 36 35 31 18 19 35 48 33 
 35 42 29 13 17 11 18 41 30 29 43 39 
 41 21 39 18 39 31 49 37 47 39 13 33 
 41 28 17 12 19 16 49 37 19 40 34 30 
 14 28 11 32 10 14 10 21 23 17 17 26 
 22 27 38 11 50 10 22 28 31 35 47 38 
 45 17 19 30 11 30 32 48 13 34 19 32 
 42 27 18 43 17 48 40 22 46 40 41 11 
 36 36 33 25 46 21 18 19 32 43 27 31 
 13 33 42 13 50 43 45 38 40 11 38 25 
 28 47 33 49 48 50 11 40 46 40 48 23 
 36 32 17 31 11 36 21 27 21 26 29 25 
 11 49 14 12 33 32 24 36 31 47 49 36 
 43 35 45 48 18 43 36 31 30 30 29 17 
 29 39 36 13 26 30 21 47 
 43 21 16 50 46 31 37 13 19 19 23 45 
 36 13 21 13 20 47 49 24 48 19 25 30 
 22 32 28 35 11 21 30 32 20 34 26 49 
 14 32 38 43 38 36 17 23 30 43 45 27 
 18 31 21 30 23 39 40 28 22 16 41 22 
 35 14 11 46 35 13 19 42 31 14 13 40 
 24 23 11 50 17 16 42 46 28 36 12 42 
 45 10 11 42 37 48 37 40 27 25 25 17 
 29 30 17 26 20 36 14 28 13 11 35 48 
 28 29 45 14 41 38 47 24 33 10 23 10 
 44 46 27 37 34 25 34 28 44 49 46 11 
 19 37 36 19 50 46 38 35 43 12 28 27 
 21 33 29 28 24 38 20 18 37 24 23 12 
 13 28 24 28 48 16 12 12 21 32 13 16 
 34 31 13 33 37 19 30 50 28 36 31 35 
 47 48 12 23 24 19 42 14 38 43 47 33 
 28 16 31 14 12 38 30 48 
 41 11 42 36 21 18 34 32 14 41 46 33 
 44 35 33 50 25 44 22 20 14 41 15 10 
 24 32 15 11 12 28 31 13 38 10 44 44 
 38 18 46 36 26 20 33 22 32 34 18 29 
 36 10 30 14 43 28 29 36 49 24 47 47 
 34 15 24 40 46 28 25 26 44 28 14 32 
 43 45 32 49 22 35 10 44 22 49 11 32 
 16 13 50 13 49 15 48 11 46 11 44 44 
 20 47 37 42 30 12 36 16 17 45 50 49 
 17 31 34 45 49 29 38 36 23 42 22 36 
 23 44 26 45 47 27 25 50 50 23 50 39 
 20 18 25 18 39 49 14 47 15 11 16 12 
 30 39 24 37 24 38 36 24 28 48 34 17 
 33 31 50 32 38 17 43 12 33 48 45 13 
 47 23 20 35 49 44 30 33 16 27 10 16 
 14 44 45 49 10 23 45 46 32 31 20 33 
 20 23 35 48 41 24 18 46 
 37 36 43 16 23 36 11 24 30 38 39 44 
 23 23 25 50 13 26 37 15 27 34 25 44 
 47 18 12 38 49 29 16 29 17 10 23 42 
 36 13 40 12 28 17 35 36 33 15 16 33 
 10 11 34 23 34 46 15 45 22 35 43 47 
 16 21 11 25 11 12 25 10 21 42 19 10 
 23 48 50 40 19 21 45 37 32 32 20 12 
 22 30 47 44 24 47 38 23 16 41 38 46 
 14 42 37 31 25 25 36 22 38 31 15 32 
 32 37 38 46 41 39 27 16 35 29 39 39 
 24 45 33 49 36 46 37 50 36 41 50 20 
 49 23 41 40 31 49 32 36 37 21 26 34 
 14 43 48 35 30 45 13 16 47 39 28 11 
 16 31 11 25 20 50 19 24 46 19 50 44 
 14 40 40 44 29 49 26 45 22 34 39 39 
 38 39 17 32 10 19 27 49 11 32 30 31 
 45 48 25 16 43 33 19 43 
 15 44 24 19 41 35 38 29 28 19 42 48 
 44 49 41 48 50 33 36 26 29 43 22 31 
 41 30 29 20 23 42 12 36 32 36 13 10 
 17 11 44 47 11 26 21 49 25 33 18 16 
 30 26 26 19 32 16 25 21 32 14 39 29 
 42 23 35 50 38 13 40 39 17 11 10 28 
 44 19 26 38 35 28 27 41 31 45 11 31 
 14 23 16 25 18 36 25 43 27 33 37 19 
 20 31 20 10 13 26 49 50 50 24 29 21 
 39 30 49 50 27 32 50 34 48 14 38 14 
 11 28 41 31 22 48 32 30 19 42 36 43 
 11 43 12 19 50 44 45 11 38 32 48 43 
 46 31 45 10 33 18 36 30 38 22 24 12 
 25 38 16 34 10 17 49 21 11 12 20 31 
 35 19 14 32 23 27 14 46 49 22 20 28 
 29 21 21 21 17 31 38 13 23 18 11 13 
 22 28 27 41 48 40 14 50 
 13 31 41 35 24 48 42 36 11 49 48 47 
 46 11 27 48 43 44 26 30 44 39 21 18 
 15 46 23 44 28 31 39 28 46 18 31 18 
 20 44 45 19 43 46 39 34 47 13 31 36 
 22 28 19 26 22 30 35 50 47 16 11 21 
 12 10 45 27 46 20 16 34 26 44 45 28 
 24 14 30 45 31 50 35 21 37 13 49 16 
 11 40 25 14 26 28 10 14 16 43 45 17 
 22 12 32 16 12 37 46 46 13 49 24 25 
 30 25 22 29 22 44 32 21 16 35 26 50 
 36 26 43 32 50 28 35 39 35 31 37 34 
 18 49 35 42 41 25 24 48 30 39 43 33 
 46 26 10 33 36 22 18 41 13 16 14 13 
 34 28 36 38 42 50 32 42 42 24 23 18 
 29 37 39 36 50 32 49 34 30 43 27 50 
 23 46 46 22 29 21 37 23 46 22 12 32 
 10 22 24 43 33 29 49 44 
 37 38 40 40 23 23 15 25 31 37 50 41 
 45 29 14 17 50 43 23 18 35 28 33 26 
 45 41 22 10 13 46 47 14 15 38 44 39 
 37 31 24 23 40 49 10 22 42 15 16 38 
 10 22 11 43 25 23 28 14 21 14 42 46 
 42 14 23 17 50 29 29 23 10 30 18 40 
 19 19 45 21 26 46 46 45 25 39 43 28 
 34 23 35 19 29 33 18 19 48 37 42 48 
 39 18 19 29 20 36 45 29 26 26 10 31 
 49 38 41 27 19 32 41 39 33 42 32 13 
 15 46 13 49 38 12 35 50 15 36 41 23 
 12 23 15 19 11 48 13 15 28 33 43 43 
 12 37 16 22 28 12 22 36 15 17 11 23 
 49 38 36 34 26 46 46 20 10 44 25 24 
 22 40 38 27 41 26 40 18 39 31 21 20 
 15 28 33 36 42 15 43 39 34 10 23 43 
 11 34 27 43 30 29 32 48 
 35 16 35 46 37 14 39 31 23 48 32 39 
 30 18 34 32 41 43 17 40 18 25 37 26 
 45 46 25 45 39 29 18 41 42 12 39 20 
 39 32 36 23 29 21 29 16 17 33 20 30 
 11 43 11 21 23 17 23 44 12 22 40 26 
 42 13 31 25 10 40 48 31 21 33 47 50 
 49 24 36 16 37 41 10 26 46 17 27 25 
 20 38 31 21 18 46 37 37 35 28 20 10 
 40 10 22 44 38 50 32 30 11 26 40 35 
 23 48 45 44 11 28 25 23 18 20 12 36 
 16 16 27 16 49 41 40 35 45 12 49 34 
 50 33 16 38 19 16 32 34 23 19 30 15 
 28 32 15 35 16 14 25 33 16 12 23 30 
 28 16 46 47 30 36 16 27 16 11 50 10 
 29 46 49 26 39 42 14 22 31 50 47 50 
 11 28 28 26 40 12 43 37 31 38 20 20 
 19 49 18 15 49 15 42 37 
 22 13 15 6 19 20 7 14 24 18 10 13 
 24 6 22 7 22 9 23 17 23 20 14 12 
 7 15 20 19 17 16 17 14 18 10 7 17 
 8 20 18 7 7 23 11 17 11 14 9 7 
 10 12 19 20 21 11 11 14 5 16 21 9 
 5 19 12 21 23 18 20 14 6 8 12 14 
 15 6 13 10 8 16 15 16 18 9 13 20 
 7 6 9 18 6 17 6 6 24 5 13 19 
 21 12 9 8 24 21 12 19 20 15 21 12 
 21 11 16 23 5 25 13 18 22 21 16 13 
 8 16 24 9 18 25 14 17 6 21 14 13 
 25 12 12 19 6 18 20 24 12 17 25 12 
 20 8 8 20 18 9 14 8 18 21 18 23 
 8 22 22 15 20 22 13 6 14 18 22 9 
 24 19 19 13 23 9 23 5 15 23 9 17 
 6 7 16 23 8 5 20 17 14 5 15 12 
 7 19 10 12 11 11 19 17 
 8 7 7 11 9 6 25 15 12 19 9 24 
 17 6 6 11 20 18 20 24 10 21 24 18 
 5 9 7 16 13 6 14 25 25 24 17 13 
 24 24 17 9 17 17 22 20 15 22 23 23 
 19 12 9 23 8 14 10 17 13 18 11 10 
 13 17 10 7 21 18 23 20 18 15 18 10 
 6 5 5 8 22 5 14 21 19 12 25 15 
 17 9 9 11 20 18 9 11 23 13 23 18 
 16 8 18 15 20 17 18 16 20 24 17 17 
 17 9 20 25 20 13 22 7 24 11 6 12 
 19 13 11 18 9 7 17 19 12 25 22 8 
 12 22 19 17 6 20 17 20 16 24 14 5 
 11 16 18 11 9 25 21 10 12 17 7 16 
 16 11 12 12 23 24 12 13 17 24 14 18 
 21 13 8 11 12 21 19 10 5 14 15 22 
 14 10 21 7 9 11 11 14 5 15 18 10 
 23 13 12 5 12 15 10 21 
 5 7 15 15 16 9 13 20 25 9 14 18 
 14 11 8 21 5 7 18 5 15 7 18 22 
 19 9 23 9 12 8 24 19 8 22 23 15 
 12 19 23 10 17 13 19 5 24 10 17 22 
 22 7 5 7 21 18 25 9 22 18 9 9 
 9 14 5 21 6 21 20 21 5 20 9 10 
 16 6 16 12 11 7 13 16 8 21 11 23 
 13 16 24 10 9 14 20 17 12 24 16 10 
 22 20 16 8 16 18 24 5 5 18 12 10 
 5 24 13 5 21 7 16 18 22 8 15 16 
 8 23 22 6 5 7 9 24 24 24 22 15 
 21 23 9 14 12 8 19 19 10 19 6 24 
 22 17 23 24 12 23 6 11 9 17 5 19 
 12 15 9 14 8 5 12 25 13 20 23 8 
 13 5 5 17 5 12 14 19 22 8 17 15 
 6 6 20 18 12 22 25 17 11 16 14 7 
 19 8 22 24 5 16 11 17 
 11 7 6 12 9 23 9 16 17 8 23 11 
 25 24 9 9 23 9 12 8 20 17 12 24 
 5 5 8 25 5 17 13 20 13 22 16 15 
 16 7 17 12 11 14 9 17 24 21 19 14 
 13 22 5 7 9 6 25 19 6 19 9 24 
 17 8 22 14 18 6 12 20 17 25 13 20 
 15 14 7 20 14 23 7 17 24 10 22 9 
 10 11 23 22 24 20 8 21 22 13 18 10 
 7 5 14 5 21 11 6 25 5 23 8 14 
 9 13 22 14 20 16 21 16 9 19 13 16 
 9 9 6 22 19 16 18 13 11 16 22 16 
 12 22 18 8 6 6 5 15 13 16 25 18 
 16 9 24 13 10 14 10 20 20 17 8 15 
 23 21 8 22 6 23 19 20 14 14 19 6 
 9 19 16 5 11 13 8 15 13 9 16 11 
 13 23 24 5 21 22 22 15 5 8 8 9 
 17 20 9 7 25 21 15 8 
 12 5 15 10 24 8 18 6 16 5 23 25 
 16 8 12 21 23 14 14 19 18 22 7 25 
 13 11 19 17 20 18 22 18 19 19 25 21 
 7 22 9 7 21 16 9 11 13 16 9 5 
 24 11 16 9 25 22 8 9 13 9 18 8 
 12 18 6 14 22 23 24 10 18 15 10 7 
 7 9 7 16 15 8 18 17 9 21 20 14 
 8 9 6 21 20 18 14 8 11 14 9 9 
 20 8 18 19 6 8 23 9 24 22 7 25 
 9 8 15 24 12 20 21 24 8 25 7 9 
 5 7 22 5 24 20 23 10 18 18 9 9 
 20 22 18 12 25 20 23 10 23 18 6 11 
 9 14 12 13 23 6 9 21 7 20 13 15 
 13 5 9 19 7 24 7 9 25 13 20 8 
 11 20 6 8 14 19 13 17 8 21 15 23 
 25 15 22 15 12 5 5 14 20 23 25 12 
 9 24 21 11 22 23 25 5 
 12 7 17 21 25 11 5 15 21 25 6 17 
 23 6 6 6 9 24 16 6 19 22 16 19 
 8 9 19 11 9 7 20 25 23 16 13 11 
 9 16 7 13 5 19 10 25 5 20 18 24 
 19 5 24 19 6 13 24 24 18 20 14 10 
 25 25 25 22 25 10 15 10 19 12 13 12 
 10 8 8 18 18 11 22 9 6 7 11 24 
 13 5 17 7 18 24 22 14 20 11 12 6 
 6 25 24 11 25 20 11 9 8 6 6 15 
 19 18 14 21 25 20 20 17 5 8 20 22 
 14 18 19 11 24 23 25 24 5 20 5 12 
 11 15 20 14 19 15 12 18 7 14 6 9 
 11 19 17 18 8 8 7 15 22 10 22 17 
 23 14 17 12 24 10 6 17 22 18 9 13 
 8 6 14 12 19 16 18 22 14 11 8 12 
 24 14 5 10 19 18 12 9 19 21 18 5 
 11 15 13 10 17 25 23 24 
 12 23 24 9 24 18 23 19 6 13 25 9 
 9 11 14 23 15 6 10 10 15 17 25 10 
 24 7 16 25 13 10 14 22 10 14 14 23 
 10 12 6 15 6 10 14 22 21 6 22 24 
 23 11 22 7 5 16 9 10 25 5 7 16 
 25 13 9 14 10 20 19 12 24 14 25 19 
 22 19 11 8 9 5 11 19 25 17 11 12 
 25 9 14 21 25 21 20 25 20 6 8 23 
 6 11 16 22 7 15 5 14 7 22 10 11 
 5 13 18 7 7 19 6 20 24 11 14 12 
 21 10 10 14 8 5 21 6 20 5 23 20 
 21 7 12 20 22 12 7 16 13 14 7 25 
 5 19 17 12 10 13 16 11 17 25 15 13 
 13 25 8 15 20 11 21 18 18 22 15 7 
 13 15 21 14 16 10 17 17 22 11 14 12 
 7 25 18 16 25 20 14 16 15 16 24 14 
 21 6 11 14 12 9 19 24 
 17 22 12 22 14 6 17 8 24 18 10 9 
 18 17 9 21 20 25 8 20 14 13 15 24 
 25 18 19 8 14 20 21 10 13 14 22 19 
 23 25 9 17 7 10 22 18 20 19 14 13 
 9 14 21 6 23 8 18 19 20 23 9 5 
 10 23 7 22 9 24 14 7 16 5 7 12 
 15 9 25 14 6 21 25 18 24 15 16 22 
 13 12 23 7 23 5 10 18 23 6 20 9 
 22 10 15 19 24 12 16 22 16 5 18 22 
 12 11 7 9 21 22 21 17 16 17 11 13 
 16 22 12 18 14 21 9 15 12 25 12 24 
 12 23 13 25 5 20 23 5 24 17 21 21 
 6 20 25 7 14 11 15 14 9 16 6 25 
 19 11 20 20 7 6 16 20 6 19 7 17 
 6 19 21 17 7 5 14 18 13 23 17 12 
 11 25 22 21 18 23 5 22 13 6 7 15 
 5 23 17 10 7 20 21 6 
 10 24 17 12 6 24 8 20 19 14 10 15 
 6 7 6 20 5 24 6 16 7 11 19 8 
 7 13 8 19 12 23 5 17 11 22 17 9 
 19 18 18 22 10 6 21 24 15 7 19 13 
 24 13 5 19 9 11 13 22 23 5 6 18 
 16 7 6 6 15 8 10 14 22 12 7 12 
 20 23 22 12 12 11 19 14 6 11 22 7 
 23 13 23 12 7 15 6 21 8 9 21 7 
 10 13 6 13 8 13 14 15 7 13 13 16 
 5 7 21 12 20 11 17 22 11 20 10 8 
 5 8 9 7 20 7 17 5 16 10 17 20 
 8 24 6 7 20 20 14 17 22 22 7 12 
 14 13 12 6 11 15 10 16 6 22 15 21 
 15 16 15 23 15 5 16 11 9 6 6 22 
 9 13 6 22 6 20 16 11 7 6 14 11 
 20 24 9 14 5 20 6 9 15 11 7 14 
 19 13 19 9 14 6 6 24 
 16 11 14 18 18 7 15 23 23 12 8 10 
 7 6 7 17 9 17 8 25 20 7 19 8 
 25 19 23 20 24 24 11 15 9 25 22 23 
 15 8 24 13 12 17 25 21 25 5 14 11 
 5 17 6 24 24 21 25 10 19 15 8 12 
 15 22 17 9 21 10 18 13 12 7 14 24 
 14 21 11 5 16 23 13 21 14 12 9 8 
 22 23 13 19 11 25 16 22 24 20 13 19 
 12 17 11 14 19 6 11 9 14 11 22 10 
 5 19 17 21 17 5 7 23 21 6 24 6 
 22 20 9 7 21 20 18 25 11 22 14 11 
 25 10 10 21 23 24 10 8 12 13 12 24 
 7 10 13 17 9 5 8 20 16 24 14 12 
 13 21 5 6 13 11 17 17 13 20 18 23 
 20 6 13 13 13 6 19 14 22 5 20 5 
 10 12 11 21 25 5 15 24 7 21 19 17 
 19 22 17 8 6 16 15 13 
 11 14 7 6 22 16 25 12 6 22 24 6 
 23 15 6 5 7 6 23 15 25 20 14 23 
 16 17 10 6 24 21 13 5 9 12 12 11 
 8 20 12 12 12 21 22 23 5 6 23 24 
 11 17 7 22 24 16 20 5 21 13 15 15 
 21 13 14 7 13 15 11 16 20 17 16 23 
 18 11 14 22 10 17 19 21 8 15 22 25 
 20 25 14 21 16 13 13 24 8 13 14 21 
 10 6 5 15 21 24 21 6 10 11 23 15 
 9 13 5 15 19 9 20 9 5 24 9 19 
 9 11 25 7 17 21 19 22 12 21 23 25 
 11 16 25 21 20 8 11 20 10 6 5 21 
 9 19 19 5 11 9 9 24 17 9 16 23 
 13 12 9 20 20 19 8 6 9 9 16 18 
 7 22 23 14 18 24 15 5 12 9 16 7 
 23 16 9 15 22 20 12 14 18 7 15 23 
 21 13 13 8 10 19 17 24 
 18 18 6 25 13 11 19 11 10 19 11 12 
 22 19 16 6 13 5 22 6 13 22 18 6 
 7 5 6 19 5 20 20 18 5 11 10 19 
 13 18 16 14 8 13 7 24 11 12 8 24 
 8 16 14 13 15 12 14 7 22 6 22 14 
 23 5 10 16 10 9 5 12 15 8 19 6 
 22 7 7 8 5 8 17 11 9 11 22 9 
 16 15 9 13 11 16 14 13 8 8 5 7 
 18 6 25 22 10 8 6 12 11 6 17 19 
 19 23 6 24 8 22 17 13 8 5 21 25 
 9 25 20 20 25 22 13 16 23 6 23 9 
 7 24 16 11 5 25 25 9 23 25 9 13 
 21 6 17 12 18 17 20 21 19 9 18 21 
 9 17 14 18 5 24 15 22 12 17 12 18 
 18 5 19 22 24 7 13 24 11 13 18 12 
 10 25 8 12 7 20 7 10 20 6 22 7 
 13 21 22 10 7 13 13 20 
 11 21 11 19 7 22 16 15 11 20 21 8 
 5 21 21 24 9 13 12 25 7 20 19 11 
 21 10 21 10 13 14 8 22 14 15 16 11 
 14 18 8 22 18 14 25 18 22 20 21 15 
 7 16 16 25 24 6 24 8 8 15 16 21 
 5 24 20 20 21 18 5 11 22 5 12 11 
 15 12 13 23 14 11 8 23 10 5 24 16 
 13 18 23 17 25 25 10 7 17 23 21 25 
 15 11 20 17 6 13 23 6 16 21 11 9 
 14 9 11 13 13 7 25 8 22 22 16 5 
 25 21 10 17 19 12 18 23 25 5 16 11 
 19 10 24 25 17 13 6 7 10 23 11 11 
 20 16 7 16 7 5 16 18 10 12 24 24 
 18 13 6 15 6 21 14 19 8 25 15 17 
 5 16 6 13 9 22 23 13 19 16 24 18 
 8 17 6 13 10 20 20 24 18 5 18 16 
 23 6 19 12 21 23 25 9 
 12 22 23 25 11 17 10 11 6 22 7 17 
 19 24 22 24 20 12 10 20 19 7 11 15 
 25 20 12 5 18 11 15 22 16 15 6 7 
 18 18 10 12 6 17 14 22 9 12 11 18 
 22 5 7 18 20 19 21 14 6 9 23 19 
 21 16 20 9 24 7 12 9 24 11 11 16 
 8 12 22 22 8 7 13 17 25 9 8 7 
 15 17 11 12 14 13 17 17 24 24 24 21 
 7 23 17 22 22 25 16 18 10 11 7 15 
 20 14 20 17 5 20 8 24 15 20 19 22 
 17 17 5 6 21 18 24 19 7 10 19 23 
 22 6 15 7 15 5 13 21 5 18 12 8 
 6 23 7 5 9 24 12 8 12 17 21 22 
 22 23 9 21 9 13 17 13 12 23 14 7 
 13 14 22 5 25 22 7 16 19 13 5 17 
 22 25 11 13 24 19 16 19 13 22 21 20 
 6 21 13 19 14 19 8 18 
 23 9 19 17 11 8 11 20 18 18 6 5 
 15 19 9 12 24 18 7 20 20 19 12 22 
 20 12 10 10 10 21 7 9 7 8 9 9 
 19 21 23 11 8 10 14 25 8 20 10 15 
 8 17 11 9 22 14 7 7 16 17 16 21 
 16 11 11 9 21 23 24 21 16 22 12 21 
 21 13 15 8 18 24 10 25 25 10 8 20 
 16 11 23 12 10 13 16 10 7 17 11 20 
 18 8 10 14 8 11 22 9 12 21 18 20 
 15 23 18 21 22 22 20 24 18 9 7 5 
 22 9 20 22 14 19 11 16 6 13 23 16 
 19 10 6 14 6 15 12 24 10 9 11 15 
 21 22 7 22 18 10 21 10 19 22 20 22 
 5 21 6 7 17 16 14 16 6 20 13 5 
 16 8 11 10 9 18 23 16 25 13 19 16 
 25 14 16 6 16 17 6 24 5 25 6 19 
 9 21 22 12 9 18 19 10 
 18 22 7 13 16 19 17 24 7 7 18 14 
 24 18 16 5 15 11 18 24 15 11 9 8 
 8 25 23 23 21 24 13 7 18 5 18 10 
 11 24 7 15 7 25 16 9 15 22 17 15 
 25 10 8 21 15 23 7 10 7 13 16 13 
 9 16 19 11 7 20 19 6 10 23 24 20 
 10 13 23 18 20 23 6 16 20 8 17 23 
 19 18 23 11 25 19 25 11 25 11 9 9 
 25 13 12 6 8 5 24 24 10 14 10 20 
 12 19 5 25 22 8 5 16 20 17 10 13 
 7 8 12 9 8 7 11 6 15 5 18 25 
 16 22 18 25 6 15 14 21 25 5 25 11 
 21 5 15 17 7 20 19 13 9 12 23 6 
 23 21 20 20 12 24 19 14 21 21 10 17 
 25 14 9 10 6 20 7 19 12 22 10 23 
 6 23 5 20 10 14 24 24 5 6 6 20 
 15 6 21 17 6 8 16 7 
 20 19 15 23 5 17 9 8 19 9 18 16 
 21 25 22 21 16 6 25 7 12 19 11 12 
 9 21 11 18 16 15 21 19 12 5 11 16 
 23 10 17 12 9 9 25 24 11 23 10 14 
 22 10 17 7 12 14 7 20 7 21 19 6 
 6 25 23 7 7 21 19 13 20 16 9 18 
 23 13 22 17 13 12 6 12 7 17 13 20 
 16 25 21 16 11 14 14 15 14 5 14 5 
 22 19 23 22 13 6 18 7 20 21 20 11 
 20 11 15 5 21 25 7 23 8 24 6 9 
 5 15 10 22 10 22 16 16 15 5 8 11 
 16 14 5 17 11 22 14 7 24 12 14 16 
 17 5 17 20 11 25 15 25 5 7 22 9 
 24 19 23 21 15 15 24 20 20 12 6 19 
 16 16 18 9 10 12 16 20 16 16 21 21 
 24 19 6 19 11 5 5 25 21 20 21 12 
 17 11 17 6 11 12 7 16 
 16 10 11 6 24 24 21 7 7 5 18 16 
 22 18 13 5 10 12 18 18 24 10 7 20 
 23 5 20 17 15 24 7 9 23 24 11 11 
 6 20 23 6 6 12 12 24 18 12 20 10 
 16 21 22 25 12 12 12 6 21 22 6 18 
 13 19 15 12 15 23 20 22 16 14 8 16 
 13 22 6 25 23 11 22 15 11 11 17 5 
 23 8 19 8 5 10 11 5 23 5 14 13 
 16 25 20 20 7 18 14 10 19 11 6 24 
 23 25 7 14 23 17 9 24 8 20 19 18 
 21 13 10 16 19 15 18 15 17 15 16 11 
 11 24 11 18 17 6 22 11 20 23 17 19 
 5 17 24 7 19 8 18 22 15 21 25 11 
 14 14 13 14 18 8 16 7 17 21 19 23 
 11 23 20 23 16 11 23 12 22 22 7 10 
 23 14 14 18 24 13 12 18 16 11 16 23 
 24 10 8 23 10 21 12 22 
 12 24 14 14 7 20 7 13 21 10 11 10 
 23 17 16 23 10 18 18 7 12 13 18 6 
 5 14 22 18 13 13 15 5 14 25 18 11 
 9 14 7 15 17 12 5 7 20 16 5 5 
 25 16 25 15 24 7 19 25 23 24 11 15 
 5 5 25 23 21 6 5 20 11 21 9 5 
 13 24 24 8 12 10 15 8 24 13 19 20 
 10 19 14 13 22 12 9 24 23 7 11 13 
 23 25 15 13 23 5 14 25 19 15 22 25 
 13 18 9 10 9 7 9 5 7 14 6 19 
 14 21 12 16 18 6 13 11 18 19 5 5 
 6 13 11 10 9 21 16 8 16 16 25 23 
 14 5 6 21 10 17 16 7 21 22 19 9 
 21 9 5 6 8 22 18 19 5 8 25 12 
 9 7 6 22 7 21 10 12 14 24 21 19 
 6 11 9 15 8 15 9 24 18 22 11 23 
 5 13 15 17 18 14 9 14 
 8 11 12 5 13 9 6 21 14 7 7 17 
 25 22 8 14 8 12 24 6 14 11 7 18 
 6 24 21 10 19 15 12 18 22 17 18 10 
 15 17 5 23 25 12 22 15 8 10 5 10 
 23 11 7 6 8 22 22 25 17 13 24 11 
 21 13 12 14 15 19 6 5 12 18 12 8 
 24 20 21 21 17 19 6 5 19 23 25 18 
 19 18 15 10 7 10 10 20 13 9 19 13 
 18 21 5 10 21 7 21 21 16 6 24 23 
 9 9 6 15 9 25 24 22 20 25 19 16 
 16 13 12 16 21 6 16 16 7 16 23 24 
 13 18 22 19 14 13 13 17 20 24 15 7 
 15 25 13 19 22 24 17 16 8 8 21 8 
 6 24 17 20 8 6 9 12 18 23 12 16 
 15 14 11 22 18 21 11 6 5 20 25 17 
 13 19 5 23 16 15 11 8 11 22 8 16 
 12 24 16 5 24 15 6 18 
 118 120 115 116 118 119 119 123 106 121 120 112 
 123 122 118 119 120 124 114 119 
