 6 
 5 100 
 83 93 84 45 60 54 43 67 75 43 31 91 
 72 15 41 85 70 99 37 7 97 107 25 40 
 62 86 83 8 84 88 42 53 75 56 48 77 
 54 28 34 89 99 57 17 44 51 31 47 96 
 99 24 8 16 36 83 89 100 43 100 44 27 
 52 17 99 62 42 38 15 7 97 47 21 91 
 99 95 111 42 95 30 78 49 96 75 45 113 
 63 48 19 75 92 88 27 102 87 15 64 17 
 54 47 44 91 
 45 60 84 71 64 24 53 23 26 29 58 78 
 22 64 29 86 69 72 72 59 67 83 14 10 
 25 47 85 66 87 79 34 14 101 103 99 96 
 65 90 85 44 30 80 22 87 25 39 3 97 
 104 22 92 90 10 52 87 119 62 13 114 70 
 77 86 92 113 45 47 71 44 74 26 91 49 
 35 65 38 95 12 33 92 80 82 111 77 86 
 66 60 112 95 18 99 102 24 23 96 42 78 
 40 74 81 87 
 104 99 77 57 32 104 84 11 13 60 41 24 
 58 51 34 97 40 98 18 110 74 112 47 74 
 28 62 95 72 117 42 78 31 35 28 15 60 
 113 23 35 79 83 62 24 25 52 84 33 43 
 42 31 116 51 14 42 49 98 57 53 20 114 
 82 98 70 31 65 46 56 81 32 85 92 14 
 56 74 52 76 63 22 83 95 82 99 58 80 
 3 82 108 89 94 32 93 6 51 22 50 18 
 38 97 55 74 
 90 81 96 41 92 63 99 22 95 55 55 41 
 55 93 81 86 13 87 46 109 91 91 111 13 
 35 28 51 53 59 78 27 32 45 18 74 82 
 8 50 85 18 56 80 29 78 15 75 83 79 
 94 72 29 34 18 60 30 67 73 59 92 30 
 55 21 54 93 100 76 73 90 50 88 28 35 
 12 29 21 97 83 23 25 31 80 81 9 75 
 12 75 92 113 24 77 49 77 76 45 56 9 
 41 85 61 88 
 45 22 33 33 54 66 110 23 80 42 30 114 
 28 72 75 92 48 107 23 68 72 110 45 74 
 34 45 58 90 96 10 53 37 57 30 82 87 
 38 70 40 28 89 76 82 51 36 55 81 20 
 85 82 90 102 40 21 25 31 85 90 49 72 
 54 47 102 86 40 61 26 85 38 70 16 63 
 37 76 53 36 47 112 61 23 107 17 39 40 
 56 27 36 54 26 39 57 46 49 43 45 35 
 26 61 34 63 
 28 16 29 57 46 58 66 42 36 74 83 11 
 38 89 76 24 40 7 81 99 6 6 78 68 
 44 35 18 98 30 19 61 65 32 50 62 32 
 64 91 87 26 12 53 95 65 51 74 61 22 
 7 78 98 86 78 21 28 9 72 8 71 83 
 67 97 12 51 59 68 90 98 5 69 95 14 
 15 19 2 77 11 88 28 61 12 26 56 2 
 41 58 84 31 29 26 75 13 26 91 45 99 
 55 74 63 17 
 56 51 27 33 40 82 50 85 95 84 50 33 
 80 40 72 34 34 37 30 59 42 34 94 100 
 86 64 25 47 22 42 67 100 11 18 8 8 
 44 21 21 72 86 35 82 23 94 80 99 13 
 9 99 29 18 97 49 27 2 39 99 1 31 
 24 20 20 3 76 73 45 62 42 89 30 70 
 81 38 67 16 96 80 23 22 24 9 33 29 
 39 58 6 21 83 4 8 84 84 25 77 30 
 66 40 31 14 
 9 10 26 56 83 9 31 92 90 44 65 86 
 50 51 76 7 72 22 97 11 27 7 63 33 
 83 48 24 32 3 65 42 79 80 80 94 55 
 6 88 84 28 36 49 80 80 63 33 76 68 
 60 72 2 69 90 59 68 6 62 53 85 5 
 21 18 39 70 48 68 52 39 73 36 19 99 
 55 43 57 25 53 85 38 23 27 13 57 40 
 100 31 10 25 23 72 16 95 62 87 68 97 
 66 13 52 27 
 15 37 18 77 28 46 21 89 16 57 48 80 
 55 20 32 17 93 18 61 10 25 14 8 92 
 79 86 58 66 46 26 83 83 76 96 42 29 
 95 51 29 85 58 22 78 43 87 42 30 37 
 15 36 77 77 88 54 87 34 32 49 23 80 
 61 91 65 20 5 39 39 21 55 22 75 76 
 96 76 84 15 24 96 91 88 23 23 96 40 
 90 45 13 7 93 30 63 40 41 64 55 98 
 64 16 42 14 
 65 94 85 70 55 36 9 93 26 76 88 1 
 81 38 43 9 70 7 79 42 40 8 59 42 
 77 73 43 22 22 96 67 67 45 75 21 23 
 69 39 75 74 14 44 29 55 65 63 27 91 
 25 34 14 19 63 83 80 81 18 15 53 45 
 58 73 15 35 71 46 78 35 83 46 94 50 
 67 35 54 78 57 2 42 91 12 91 82 61 
 62 75 76 47 75 62 44 67 61 61 71 72 
 79 56 87 57 
 798 760 810 824 868 
 5 200 
 79 93 86 59 68 32 50 91 93 95 22 48 
 19 30 92 65 58 72 15 44 86 45 19 56 
 107 42 77 81 86 63 87 108 49 98 59 81 
 22 84 95 104 40 50 39 21 78 40 90 88 
 80 26 25 68 36 68 84 110 41 58 83 86 
 19 11 38 40 69 23 45 74 87 55 40 90 
 9 68 38 36 40 85 92 76 112 87 80 66 
 91 28 28 77 13 29 82 52 69 23 96 97 
 80 83 80 65 101 49 61 63 55 73 72 77 
 105 112 61 46 102 107 78 95 92 49 80 20 
 106 80 90 56 43 47 79 110 40 28 57 66 
 35 35 61 79 90 70 33 11 27 28 32 60 
 74 64 103 54 77 81 105 49 36 34 109 93 
 101 9 39 31 98 61 75 88 108 63 43 56 
 53 47 20 28 13 106 51 62 63 75 54 33 
 74 58 76 52 51 5 56 46 33 65 38 97 
 73 38 92 48 60 65 55 56 
 98 73 46 57 40 17 20 19 35 63 43 55 
 46 90 82 100 70 102 22 34 88 107 74 83 
 42 42 56 85 95 36 44 22 94 103 17 91 
 20 98 89 81 11 11 35 72 66 95 44 30 
 48 20 28 25 18 93 112 32 49 19 103 98 
 57 75 86 79 80 74 32 90 34 89 103 18 
 64 4 24 33 60 32 53 97 30 55 89 66 
 56 102 17 25 54 36 49 31 15 20 30 18 
 48 40 80 70 101 49 61 64 78 72 19 94 
 28 42 76 23 73 88 52 105 42 37 61 9 
 26 42 80 10 75 57 17 46 81 24 107 72 
 46 60 112 17 30 44 83 12 61 91 71 29 
 29 40 76 118 92 61 49 90 71 90 12 82 
 37 89 23 61 16 69 67 102 113 90 97 35 
 50 17 8 66 24 63 89 100 21 34 32 35 
 75 23 81 80 44 115 53 59 50 103 91 95 
 2 99 66 44 73 45 92 99 
 23 84 23 79 92 46 110 41 64 98 107 58 
 86 112 87 111 33 55 89 13 75 70 45 108 
 23 43 28 108 75 58 85 55 61 86 25 73 
 35 15 52 107 65 80 14 47 41 58 111 98 
 102 27 34 61 90 63 73 82 72 12 26 45 
 54 103 74 49 93 60 85 57 94 23 22 65 
 47 33 89 41 22 18 109 100 81 78 116 79 
 41 118 20 99 74 39 65 110 42 53 73 88 
 58 35 47 80 104 43 61 72 82 32 47 68 
 89 69 49 37 19 29 53 90 50 11 103 106 
 51 98 43 36 83 48 5 27 48 15 89 34 
 88 37 21 45 74 51 25 56 28 88 33 51 
 75 88 20 54 49 62 92 90 14 88 30 105 
 32 88 50 77 90 48 98 73 11 47 28 104 
 84 91 32 12 85 60 75 67 117 47 102 20 
 41 35 67 24 48 50 29 58 59 118 15 96 
 40 84 76 12 39 36 100 70 
 81 35 25 10 11 108 59 34 90 35 55 75 
 67 75 104 78 48 24 78 36 3 62 23 44 
 6 60 56 94 19 28 28 109 106 104 17 66 
 36 40 45 102 93 51 109 49 95 90 88 74 
 64 20 105 48 99 109 50 62 54 68 45 79 
 107 56 14 28 39 27 13 117 40 64 84 24 
 31 68 69 56 28 87 59 84 99 43 29 21 
 71 69 23 72 79 110 43 91 90 109 73 76 
 84 33 69 80 51 54 39 55 67 8 68 90 
 43 64 49 72 86 26 44 49 40 77 40 83 
 65 45 60 78 73 21 53 85 84 74 74 62 
 77 43 86 53 95 34 54 91 27 51 80 61 
 71 38 95 82 94 7 34 103 35 99 41 69 
 108 90 36 32 31 43 51 67 35 90 55 58 
 59 11 27 100 20 89 72 59 117 98 22 19 
 37 38 111 104 60 94 41 55 41 92 53 32 
 91 38 55 81 94 72 5 54 
 40 66 21 19 74 18 52 31 33 102 94 18 
 66 11 108 60 25 44 89 73 32 73 10 44 
 2 118 72 36 56 71 31 84 69 107 80 93 
 55 99 41 90 22 32 74 79 71 50 114 47 
 109 95 108 56 13 72 26 32 15 24 100 82 
 75 75 17 38 89 7 60 51 60 19 35 68 
 23 70 80 89 68 59 32 5 18 25 48 107 
 6 78 110 61 53 60 114 96 40 8 64 85 
 36 83 55 44 41 24 100 63 25 102 79 33 
 75 108 75 35 80 46 60 65 49 19 86 76 
 9 74 98 55 90 100 23 100 19 10 43 85 
 19 24 35 72 51 95 30 76 115 47 93 22 
 65 80 61 97 31 28 8 70 56 95 27 99 
 76 44 115 35 40 70 42 49 70 34 112 37 
 12 101 49 54 28 50 45 111 44 106 81 87 
 73 58 66 72 30 34 91 8 103 13 18 11 
 10 24 80 54 102 68 115 41 
 33 27 15 58 48 72 61 13 9 11 85 54 
 92 71 10 44 49 39 98 65 26 65 90 49 
 13 63 30 25 34 55 33 6 55 11 54 35 
 84 20 18 5 64 58 74 98 33 79 24 26 
 33 89 96 42 68 50 17 1 71 49 35 26 
 89 94 77 72 52 78 60 40 22 46 63 28 
 97 40 74 85 71 32 11 34 3 31 39 48 
 18 74 77 44 96 81 27 59 45 87 7 5 
 36 38 21 38 2 55 58 51 50 48 45 30 
 15 4 44 74 1 12 30 23 23 55 26 94 
 7 37 30 63 61 68 38 9 80 76 59 43 
 76 73 52 38 19 47 77 95 79 90 78 47 
 29 51 10 54 38 30 3 64 82 69 5 22 
 10 93 67 83 14 46 30 13 5 50 76 52 
 65 72 99 87 88 5 55 53 48 41 50 71 
 28 57 35 66 59 96 46 68 71 40 79 24 
 29 76 23 55 57 56 48 50 
 5 32 72 63 79 90 99 85 78 43 59 56 
 69 20 28 6 37 14 81 81 33 9 39 28 
 75 66 63 20 13 83 67 89 17 6 91 25 
 93 4 20 38 98 93 77 33 43 22 76 89 
 72 88 73 84 95 20 1 83 60 85 11 10 
 60 46 19 22 36 45 87 20 86 30 12 99 
 47 99 82 78 45 87 56 15 80 55 20 52 
 65 18 99 78 54 78 58 70 97 82 74 97 
 58 73 24 46 19 71 53 56 24 39 85 8 
 76 64 31 82 38 24 53 3 61 66 54 98 
 85 59 33 94 32 48 86 61 40 85 1 45 
 65 55 5 90 87 64 29 92 49 20 46 85 
 79 77 39 3 9 54 72 24 40 15 97 23 
 80 24 93 57 96 49 51 6 6 29 16 83 
 52 96 95 44 84 48 31 15 99 67 77 66 
 45 88 40 34 65 4 49 43 67 13 18 25 
 100 3 43 67 31 64 17 10 
 96 31 96 23 14 61 3 62 51 19 3 52 
 16 1 33 3 68 56 18 90 30 39 67 2 
 85 58 78 10 42 50 23 46 54 33 80 39 
 77 92 60 9 49 30 87 66 76 45 8 4 
 12 75 69 43 13 46 33 21 44 98 92 66 
 48 1 35 60 22 43 30 44 24 98 85 40 
 64 68 30 64 90 95 8 5 24 34 3 32 
 70 3 92 15 30 76 56 11 69 54 36 21 
 55 69 63 41 13 59 47 33 29 74 73 45 
 30 46 60 72 88 79 54 30 64 98 2 8 
 54 20 75 71 32 65 97 92 66 94 29 77 
 13 74 99 65 36 61 86 56 81 18 74 68 
 46 29 89 60 69 44 10 28 87 27 90 15 
 75 14 69 34 29 72 15 48 100 65 76 8 
 34 13 76 93 35 51 46 53 3 72 12 89 
 67 74 44 93 59 68 73 61 45 2 91 6 
 76 28 41 96 63 77 1 32 
 34 86 86 97 93 6 55 82 20 72 60 34 
 50 41 17 24 61 86 34 75 100 52 85 62 
 100 60 61 9 97 76 78 4 6 8 89 55 
 66 68 66 9 19 60 5 56 18 24 27 33 
 41 94 14 67 4 8 56 54 52 38 63 24 
 8 49 98 86 77 79 96 2 76 42 27 85 
 82 44 52 65 83 22 57 35 7 78 91 97 
 34 38 96 31 42 3 71 23 12 7 35 40 
 37 71 52 21 53 56 71 55 49 100 41 17 
 63 54 72 37 28 95 76 68 73 30 80 38 
 41 68 42 35 32 81 48 23 32 28 34 40 
 35 60 15 66 19 77 48 15 88 64 24 45 
 31 77 15 34 16 95 67 18 79 18 68 36 
 3 24 79 88 70 66 56 34 71 25 62 56 
 53 96 82 7 97 15 47 61 2 23 88 93 
 67 65 1 9 44 11 76 51 68 12 56 86 
 17 71 65 26 20 45 96 63 
 68 50 85 92 37 95 62 85 87 8 9 91 
 37 95 9 48 85 75 26 48 80 41 91 66 
 99 3 43 85 48 35 89 23 42 5 36 13 
 66 11 73 13 92 77 29 22 49 60 6 68 
 9 11 12 46 99 32 80 72 100 94 6 27 
 34 31 95 67 14 97 47 60 51 93 67 39 
 82 47 29 24 35 59 87 99 84 91 66 7 
 99 25 4 46 65 46 4 16 62 93 53 23 
 80 34 64 70 67 94 18 52 80 7 27 83 
 35 11 34 67 35 61 49 43 59 83 27 26 
 98 35 22 62 28 2 86 15 95 97 69 27 
 100 87 82 39 69 18 76 35 1 58 13 96 
 50 36 60 11 70 91 99 47 61 7 79 20 
 38 60 4 67 76 38 77 63 45 67 1 84 
 94 12 62 58 90 64 73 7 72 5 32 16 
 31 55 53 42 79 82 30 96 6 92 97 97 
 97 81 36 55 5 53 1 67 
 1547 1699 1589 1614 1694 
 10 100 
 18 72 27 31 56 116 98 86 76 37 116 26 
 71 21 50 61 74 64 37 79 69 69 100 46 
 11 67 56 14 24 98 46 105 28 95 31 47 
 35 96 84 19 43 100 56 83 75 78 70 55 
 23 20 30 9 38 81 111 101 59 60 28 54 
 96 60 88 29 42 36 59 59 17 91 71 34 
 91 61 118 57 43 47 67 55 97 20 30 103 
 14 75 19 32 49 81 64 96 80 71 86 36 
 69 30 103 68 
 45 26 48 76 65 105 13 22 106 113 21 30 
 96 82 87 91 108 77 30 77 71 37 10 26 
 89 100 37 88 49 93 33 33 75 90 16 74 
 39 95 66 99 99 89 62 14 26 41 84 46 
 82 80 62 94 85 35 31 92 91 78 90 9 
 102 105 85 103 17 94 35 55 102 105 16 43 
 58 23 75 82 48 59 95 46 32 75 68 64 
 46 28 56 66 64 98 23 84 33 26 32 1 
 33 93 89 93 
 35 64 90 61 66 112 36 92 57 78 8 67 
 47 96 72 9 23 67 94 44 16 96 108 44 
 21 77 58 98 96 42 102 23 30 45 51 96 
 41 54 32 85 98 81 65 49 66 103 49 17 
 12 68 20 79 75 70 90 59 81 88 37 47 
 52 82 82 82 92 89 72 76 92 46 64 22 
 50 57 75 117 40 96 71 75 88 49 69 51 
 93 21 27 106 33 66 40 80 61 93 59 27 
 21 32 83 71 
 61 90 108 70 25 56 85 115 36 76 57 115 
 53 48 41 40 82 73 28 38 21 103 27 96 
 55 58 49 104 26 36 40 52 63 54 67 116 
 107 29 94 53 53 109 82 111 4 72 93 53 
 58 90 96 15 49 91 113 114 56 26 22 96 
 71 85 97 36 104 83 22 111 90 70 8 100 
 39 43 114 97 51 45 71 53 39 60 25 40 
 84 28 105 114 104 63 41 29 31 28 99 61 
 105 65 42 28 
 3 21 116 49 97 108 71 71 116 54 60 51 
 49 77 84 57 59 50 99 41 84 63 63 17 
 55 92 81 24 58 34 33 81 70 97 47 17 
 44 96 104 57 12 11 49 37 26 52 90 70 
 20 22 89 25 99 40 34 88 101 90 35 50 
 67 23 89 109 83 103 51 82 66 83 18 77 
 88 107 26 84 102 81 37 73 70 43 99 71 
 63 27 55 16 25 94 40 64 70 32 18 111 
 108 23 89 44 
 66 67 70 35 42 60 28 51 78 103 90 112 
 19 24 23 115 43 6 20 103 72 84 92 93 
 55 57 104 71 42 84 112 106 93 67 89 82 
 64 106 67 74 13 37 46 84 73 109 12 88 
 98 98 54 105 18 76 19 67 65 22 58 95 
 80 76 67 74 34 87 75 49 103 26 25 116 
 94 89 114 107 30 52 25 107 20 27 53 84 
 36 15 38 17 76 32 66 50 63 53 69 76 
 25 11 106 29 
 91 64 60 40 81 23 38 56 59 106 39 34 
 51 39 68 67 68 82 44 100 93 12 28 65 
 28 69 89 103 40 67 84 117 21 25 58 92 
 89 88 29 36 62 26 18 70 30 101 84 100 
 90 68 39 34 78 53 14 15 63 18 91 89 
 19 45 91 92 52 75 80 82 103 54 101 49 
 75 72 82 97 84 89 76 92 109 97 40 57 
 41 48 89 114 50 26 90 27 79 19 18 14 
 60 107 79 20 
 41 95 66 103 64 25 41 46 34 93 111 57 
 47 24 39 33 67 89 25 61 62 50 33 57 
 66 63 69 49 70 32 83 40 14 26 62 87 
 71 88 40 84 38 110 108 48 76 63 76 27 
 94 75 16 75 87 58 58 99 40 94 61 21 
 44 28 26 58 47 86 92 53 27 26 16 2 
 58 21 82 82 22 70 5 45 91 65 119 59 
 61 76 100 98 56 53 24 99 92 51 42 15 
 53 57 53 52 
 78 91 36 35 15 85 77 60 63 65 55 79 
 60 81 89 19 17 115 24 57 78 84 78 13 
 59 23 75 49 103 20 95 64 20 112 84 81 
 101 6 53 105 29 29 103 81 56 48 53 102 
 18 45 46 24 104 31 97 38 21 45 37 66 
 77 22 59 67 64 61 49 40 79 34 79 99 
 65 26 102 104 46 32 88 100 101 64 99 33 
 82 39 90 49 109 105 99 31 8 91 42 103 
 32 57 44 31 
 105 34 38 71 65 23 77 9 89 23 66 64 
 33 107 43 55 98 42 114 65 84 67 62 74 
 82 37 89 96 80 38 102 82 69 58 25 31 
 57 50 86 93 19 74 89 12 77 54 94 84 
 27 72 81 87 58 86 58 46 18 55 44 70 
 13 44 37 17 13 82 47 111 42 98 95 80 
 98 99 14 57 6 89 59 101 75 43 15 57 
 81 72 33 80 46 22 73 58 94 79 53 25 
 70 101 68 84 
 83 38 76 71 64 5 15 23 40 84 1 89 
 33 83 56 45 44 55 70 33 36 47 11 57 
 97 43 47 94 81 23 56 12 84 26 70 59 
 84 10 27 93 78 16 64 26 46 25 51 65 
 91 99 80 95 69 31 8 16 62 55 81 56 
 13 61 29 85 75 73 61 55 85 18 42 75 
 24 51 2 61 69 71 40 60 6 81 71 4 
 94 35 100 70 63 25 48 16 36 42 31 73 
 49 79 2 48 
 64 94 66 37 47 16 91 81 14 5 87 85 
 9 33 15 22 10 36 85 36 47 67 92 86 
 15 12 67 28 58 11 81 74 27 25 90 40 
 77 12 40 22 2 32 40 89 81 62 17 57 
 29 32 46 24 25 66 88 25 26 36 27 99 
 11 11 23 14 88 22 86 46 1 10 93 66 
 63 81 33 20 64 43 19 66 70 44 49 43 
 64 80 49 37 52 3 87 32 79 92 84 100 
 72 16 14 12 
 67 54 29 40 35 1 82 22 57 27 94 53 
 62 15 44 100 90 39 20 74 89 25 7 68 
 93 41 56 6 13 61 17 92 82 60 61 22 
 68 63 89 34 19 35 51 66 43 9 68 97 
 92 44 82 36 39 32 30 48 39 13 66 56 
 54 32 23 36 12 14 37 32 19 61 41 96 
 69 60 35 2 63 12 39 33 13 69 48 69 
 15 81 84 6 68 37 75 21 48 26 42 94 
 83 77 37 41 
 57 11 7 41 84 65 23 6 78 33 62 4 
 61 60 68 65 39 46 82 77 86 15 76 17 
 56 63 72 8 80 80 79 65 57 48 43 1 
 3 89 27 66 54 2 25 3 99 32 25 63 
 44 26 21 90 62 18 1 7 51 82 92 22 
 47 26 12 66 7 32 87 4 22 40 94 21 
 68 70 1 21 52 76 37 51 69 41 82 71 
 20 92 11 4 12 49 69 73 88 89 22 55 
 1 44 63 75 
 98 97 4 55 6 11 46 45 4 52 55 62 
 65 33 31 44 47 53 6 64 30 46 50 96 
 66 17 27 89 45 87 79 37 45 14 73 99 
 61 22 3 58 96 92 67 75 92 64 18 31 
 89 88 18 92 5 80 70 24 4 28 81 71 
 54 85 27 8 38 15 51 30 39 19 97 40 
 32 3 92 19 18 21 78 47 49 59 14 39 
 45 81 47 87 84 13 73 51 49 84 84 5 
 12 95 21 74 
 52 42 38 70 72 60 87 67 23 11 29 8 
 92 97 95 3 69 98 82 9 47 35 24 27 
 66 54 10 39 61 23 3 1 24 53 21 22 
 39 11 40 40 93 64 74 24 41 6 96 30 
 4 4 64 14 93 27 91 44 46 83 52 20 
 37 39 48 32 87 34 26 67 11 77 76 5 
 27 30 1 3 78 62 89 12 86 93 63 22 
 83 96 66 93 41 85 39 55 53 53 45 30 
 83 90 14 72 
 30 50 52 78 30 82 82 51 46 12 76 87 
 64 80 35 48 36 21 74 12 12 93 85 48 
 80 50 14 9 62 50 35 4 93 94 62 19 
 18 16 74 69 47 76 97 40 91 5 19 7 
 31 50 74 85 30 64 88 97 50 86 12 27 
 85 60 20 24 60 46 32 38 17 48 16 56 
 40 46 25 6 34 25 40 9 6 6 61 44 
 75 73 32 1 53 86 28 91 22 92 85 91 
 48 12 24 89 
 61 17 35 7 47 84 68 62 67 24 6 61 
 58 83 63 69 36 23 84 53 40 52 88 53 
 53 39 32 60 35 72 33 75 95 84 39 14 
 47 26 67 36 73 4 11 67 45 46 44 84 
 11 33 95 44 18 53 51 13 65 15 46 84 
 57 78 91 44 71 30 22 67 78 79 98 100 
 46 91 32 28 82 33 100 63 10 47 2 62 
 58 33 10 18 56 57 96 13 10 54 61 93 
 53 60 63 52 
 39 21 73 76 89 32 31 42 46 53 64 24 
 49 31 24 91 86 6 93 61 34 21 36 92 
 50 95 41 64 13 100 24 52 88 3 35 29 
 13 97 53 3 72 87 1 33 56 71 67 13 
 91 60 62 84 16 89 5 65 91 67 67 47 
 31 98 53 46 41 49 66 73 40 75 30 4 
 53 89 13 5 66 76 19 5 19 52 13 72 
 28 63 25 72 7 10 4 78 100 25 79 12 
 76 52 77 70 
 1 81 77 32 43 83 33 97 25 78 55 44 
 76 14 78 60 4 66 4 49 31 35 56 41 
 19 71 20 22 28 79 18 26 36 49 92 73 
 57 66 31 19 87 28 32 100 28 47 22 30 
 90 44 33 31 58 25 58 65 98 51 74 49 
 92 68 71 97 93 35 60 10 65 7 11 22 
 19 2 92 44 99 26 44 9 40 64 87 48 
 38 34 81 29 56 99 28 58 23 29 52 84 
 33 18 48 20 
 416 379 385 374 398 385 388 411 398 388 
 10 200 
 35 57 24 9 76 85 54 89 64 96 53 65 
 65 109 89 57 34 105 14 90 74 47 90 58 
 67 78 106 42 62 100 23 41 40 50 71 105 
 32 94 93 42 85 23 54 93 33 34 97 55 
 33 1 93 76 32 59 105 42 35 97 75 53 
 50 84 56 109 99 80 52 106 87 85 86 74 
 16 55 25 91 64 64 75 91 85 25 17 35 
 54 76 76 83 84 41 46 27 50 12 47 65 
 23 22 114 67 25 29 54 12 98 10 51 24 
 102 107 91 15 34 57 63 106 24 62 35 53 
 50 41 105 93 59 68 46 100 77 48 18 32 
 79 63 55 53 60 50 45 4 79 54 63 99 
 101 47 16 30 71 65 43 88 40 71 95 62 
 24 51 82 48 36 58 60 80 99 65 33 10 
 47 16 73 66 99 81 101 21 78 43 96 89 
 39 90 33 102 94 103 26 90 50 89 29 108 
 28 52 25 57 83 97 31 82 
 38 38 115 104 2 102 109 17 72 36 58 92 
 23 56 112 76 87 14 106 91 69 29 38 37 
 35 13 31 53 106 79 80 87 79 21 42 14 
 99 57 43 10 76 61 28 26 75 33 18 28 
 23 107 52 47 28 59 89 18 70 25 89 94 
 31 18 47 29 34 97 80 61 52 26 91 41 
 23 54 58 62 74 59 45 106 58 101 75 78 
 89 93 79 16 99 78 64 73 55 44 90 54 
 74 100 44 23 78 115 75 19 35 73 101 34 
 13 92 35 95 6 102 98 29 82 67 55 39 
 3 42 92 66 112 106 77 28 29 85 44 49 
 24 48 106 109 46 62 100 98 101 94 85 22 
 109 36 16 46 12 56 94 54 28 67 81 51 
 40 57 33 43 57 11 83 46 92 53 12 104 
 83 45 30 13 95 32 25 21 21 54 79 120 
 117 42 111 76 42 31 73 107 59 13 31 69 
 50 59 93 62 115 65 91 95 
 86 45 17 40 88 90 34 25 90 27 45 40 
 64 67 89 57 59 91 21 95 71 91 40 64 
 31 113 83 35 37 55 73 61 70 94 102 1 
 1 80 68 70 37 92 48 43 55 57 87 16 
 69 88 111 43 81 94 81 65 97 78 32 96 
 97 100 63 17 15 64 57 26 35 92 93 76 
 95 65 93 43 108 37 33 52 10 104 82 95 
 118 43 5 111 78 22 70 67 48 18 56 67 
 21 48 107 99 73 41 70 62 9 104 81 21 
 68 59 89 45 78 45 106 83 89 5 19 105 
 35 17 103 25 112 72 59 112 98 102 71 75 
 80 62 66 15 38 94 19 39 92 95 30 22 
 19 37 46 78 72 109 100 32 64 78 108 73 
 62 45 36 38 87 106 36 45 50 99 88 60 
 31 98 52 101 56 80 44 89 70 53 58 77 
 35 23 58 101 88 37 12 99 9 102 96 53 
 105 102 26 45 28 90 74 46 
 33 23 94 33 2 72 49 56 105 85 70 95 
 3 41 97 22 29 36 40 29 73 92 30 110 
 37 53 56 116 94 19 9 105 56 40 15 44 
 68 111 60 35 85 67 85 33 90 100 70 66 
 77 94 44 55 28 88 91 81 83 46 14 57 
 58 36 77 109 31 100 35 7 84 97 98 42 
 86 39 56 92 63 57 46 70 18 15 51 88 
 19 83 15 100 36 91 119 32 86 69 32 16 
 57 99 65 35 70 79 42 91 77 80 67 100 
 103 92 66 111 47 45 82 26 44 74 82 109 
 81 19 64 68 51 88 40 64 47 92 94 86 
 22 82 41 2 100 92 60 62 81 110 22 28 
 14 72 88 25 55 97 29 106 95 102 33 33 
 24 70 99 57 87 101 78 59 46 37 77 20 
 88 102 45 88 64 56 39 5 22 89 93 46 
 74 57 105 14 8 60 65 18 67 112 23 37 
 73 28 108 34 22 96 67 67 
 66 97 66 111 111 96 96 109 82 6 92 73 
 36 14 50 102 101 90 48 17 33 91 35 69 
 59 96 85 58 63 54 36 70 74 27 77 25 
 27 65 62 103 42 21 78 70 90 37 37 54 
 91 54 66 45 28 51 70 24 4 13 29 76 
 112 50 83 80 102 46 50 108 80 12 37 61 
 41 114 50 105 37 54 73 44 43 57 33 103 
 91 75 78 93 87 70 105 17 25 81 61 108 
 73 89 104 39 62 55 43 74 33 62 25 69 
 91 55 55 104 18 63 37 90 54 31 41 29 
 32 77 14 73 95 52 55 9 45 13 114 82 
 22 51 23 98 80 73 27 57 56 77 95 70 
 109 65 78 90 20 47 32 50 83 111 69 100 
 20 47 22 40 46 38 105 61 39 101 57 50 
 39 48 96 41 111 33 36 80 40 90 48 70 
 86 57 80 114 72 47 16 52 58 34 72 41 
 16 109 95 43 105 48 101 71 
 58 61 46 21 27 104 34 16 67 37 73 117 
 20 73 80 22 103 27 73 90 34 22 6 74 
 48 48 77 19 106 79 37 82 60 78 98 77 
 108 69 38 21 22 38 69 44 44 74 66 38 
 95 51 50 94 47 45 59 61 71 67 95 80 
 42 39 45 71 99 76 91 12 67 73 67 19 
 26 55 106 82 91 99 103 111 18 25 91 30 
 31 78 38 92 40 72 43 41 38 102 34 43 
 61 48 14 52 95 63 76 100 14 49 48 50 
 29 108 45 86 16 36 91 85 48 97 24 16 
 89 20 91 80 102 80 27 69 108 15 8 44 
 32 47 11 35 74 23 68 86 35 87 63 97 
 102 93 78 28 17 44 108 84 38 64 101 37 
 46 88 79 103 68 97 108 38 71 77 90 56 
 104 26 75 30 43 44 77 16 86 70 72 49 
 106 40 33 92 28 21 46 73 97 84 19 78 
 86 56 80 30 77 44 63 39 
 99 3 68 86 75 46 82 81 29 61 108 23 
 79 90 40 96 43 93 31 56 17 51 25 73 
 20 20 85 32 49 89 75 84 41 90 80 20 
 47 25 103 91 61 40 50 48 89 82 36 56 
 87 42 76 49 97 109 92 49 38 97 34 45 
 76 27 21 51 68 59 56 41 87 59 81 47 
 30 72 55 102 102 46 43 74 51 74 72 105 
 85 65 4 46 2 17 111 27 86 40 68 101 
 91 66 73 40 20 80 87 92 94 14 58 8 
 38 55 37 15 23 98 102 16 35 47 79 51 
 107 116 52 42 29 12 58 23 12 90 81 31 
 95 30 84 115 41 76 96 28 51 82 43 65 
 61 20 83 36 58 86 88 52 17 47 68 54 
 16 10 107 23 105 55 84 69 43 51 90 40 
 96 81 50 112 45 68 83 94 16 37 44 62 
 59 75 113 78 35 89 60 95 88 62 37 74 
 77 84 53 93 99 67 73 25 
 52 61 4 85 34 50 28 114 92 43 26 35 
 70 109 68 62 50 64 63 71 18 60 108 47 
 70 21 79 106 78 105 53 80 41 107 61 43 
 9 92 102 99 64 56 62 97 81 88 103 40 
 86 15 82 17 52 18 90 59 94 59 41 8 
 100 54 107 20 21 35 53 38 114 98 45 48 
 100 36 37 73 30 31 38 10 63 48 79 110 
 6 70 68 109 33 26 31 30 44 106 41 7 
 64 60 67 107 82 17 62 79 23 44 32 110 
 71 81 44 71 45 92 103 25 53 97 57 76 
 108 59 95 55 19 96 52 82 37 65 99 49 
 98 97 59 74 46 110 58 58 28 64 108 85 
 37 36 60 64 75 79 45 85 86 34 29 39 
 63 60 34 48 17 29 60 107 46 92 69 38 
 75 58 38 30 40 8 107 58 33 96 27 50 
 89 61 93 21 29 48 103 71 15 98 48 92 
 15 98 93 82 54 78 19 78 
 86 59 88 98 37 25 32 98 59 106 32 29 
 102 89 56 12 32 24 80 91 77 112 33 21 
 34 79 56 25 87 29 90 23 94 106 58 24 
 80 87 45 96 35 26 77 48 16 31 77 69 
 46 47 56 57 51 25 17 30 29 83 75 22 
 105 89 112 66 61 16 26 44 6 30 60 63 
 30 37 59 77 104 18 37 107 105 62 18 28 
 26 25 41 30 68 100 50 68 73 99 11 21 
 42 44 70 23 101 91 28 75 72 61 61 50 
 51 85 25 19 44 20 85 9 86 22 61 97 
 32 67 34 33 76 22 65 25 6 74 73 45 
 27 72 47 69 15 43 25 83 94 88 66 65 
 110 31 49 107 109 108 81 114 31 39 94 18 
 89 68 42 98 15 84 56 15 55 75 49 47 
 29 74 102 72 105 25 95 45 96 89 96 69 
 43 35 83 97 75 117 8 98 96 66 84 62 
 102 43 47 66 49 66 80 30 
 116 45 15 61 29 18 19 83 55 70 84 28 
 68 104 35 54 39 102 46 78 19 9 47 40 
 72 99 73 9 49 75 40 23 70 88 83 50 
 99 110 42 25 26 16 82 56 20 109 23 31 
 74 41 52 82 28 53 97 82 86 20 8 80 
 24 30 77 34 56 59 34 44 24 88 94 18 
 68 66 53 69 25 77 44 15 62 40 79 55 
 111 33 115 115 12 39 22 94 77 26 14 34 
 36 37 30 13 67 60 105 75 106 24 30 45 
 41 110 87 79 40 47 118 48 100 70 91 51 
 96 13 16 94 43 57 26 15 100 62 26 66 
 97 79 49 26 40 78 43 28 38 34 91 75 
 95 37 67 30 48 88 31 87 92 19 63 101 
 29 63 81 12 72 80 28 38 23 56 39 49 
 22 97 10 78 63 40 52 23 8 65 61 60 
 36 31 112 17 11 38 9 58 57 82 100 63 
 69 35 15 83 21 30 39 63 
 86 45 79 99 25 34 53 17 48 12 63 39 
 45 3 13 60 87 15 90 13 27 73 20 44 
 43 37 14 79 42 1 80 75 75 68 36 3 
 81 11 12 70 16 96 67 10 77 86 21 57 
 76 100 18 35 79 49 15 67 73 21 35 54 
 53 33 53 11 10 28 69 11 21 34 35 45 
 85 62 82 20 47 56 27 23 36 79 93 66 
 49 44 28 38 29 72 61 87 53 97 69 48 
 81 81 3 47 87 78 49 93 21 97 54 93 
 12 8 16 96 85 46 58 4 82 43 78 56 
 57 63 6 23 55 46 55 21 35 58 100 79 
 33 41 66 61 49 61 65 97 39 56 58 10 
 2 64 91 91 37 55 68 16 62 39 18 55 
 83 58 24 65 80 58 54 25 20 41 83 94 
 54 85 31 48 6 37 9 97 24 70 5 19 
 80 11 88 14 10 18 82 22 67 30 73 8 
 84 54 94 50 20 20 79 34 
 81 72 3 9 99 11 8 85 47 73 45 24 
 88 61 9 37 24 88 15 12 49 81 83 78 
 72 91 85 62 13 41 21 19 34 97 65 92 
 13 57 78 99 28 54 92 90 45 79 89 74 
 87 11 68 57 78 55 20 98 31 85 25 21 
 90 88 56 85 75 7 37 51 53 80 26 61 
 82 64 63 49 47 62 69 8 44 19 28 38 
 14 14 35 89 6 24 46 31 50 68 19 63 
 28 21 73 92 34 3 46 90 85 29 7 79 
 98 27 76 19 95 17 17 82 27 44 60 67 
 100 68 14 43 1 9 28 83 74 29 59 63 
 79 73 14 3 69 43 7 3 11 14 19 86 
 2 82 88 63 94 53 16 48 80 51 32 55 
 63 62 85 71 55 93 19 64 22 59 90 10 
 30 75 82 95 9 83 93 82 87 61 32 1 
 3 69 6 42 66 74 34 12 62 99 77 50 
 71 49 10 39 4 49 21 24 
 20 65 85 72 25 18 77 79 30 76 73 65 
 52 44 17 57 43 15 91 6 36 14 76 38 
 82 2 21 77 78 58 36 48 50 25 4 100 
 100 23 35 45 70 18 69 69 48 50 20 98 
 52 20 8 77 31 24 36 54 7 30 80 19 
 5 18 49 88 95 37 59 91 85 27 14 45 
 7 51 12 75 5 84 73 67 95 10 22 9 
 3 65 97 10 26 84 45 47 55 85 58 42 
 83 58 7 4 41 77 45 41 99 12 29 91 
 49 61 16 63 33 75 7 36 16 98 85 16 
 77 85 12 95 8 37 47 9 6 15 37 45 
 38 45 47 91 64 7 82 72 16 20 75 80 
 85 80 70 37 46 4 7 81 56 26 7 41 
 55 74 83 82 14 7 76 68 53 22 19 52 
 79 18 67 20 48 21 57 12 32 58 54 38 
 77 87 57 7 22 75 95 10 92 18 18 51 
 15 4 81 72 78 23 47 75 
 80 95 14 85 99 48 59 48 12 17 35 12 
 100 73 11 96 90 67 73 76 30 10 86 5 
 79 51 46 3 8 86 100 10 65 61 87 62 
 33 4 56 73 23 36 23 80 20 7 33 46 
 36 13 73 56 84 18 10 28 34 62 99 56 
 52 66 33 4 87 13 86 94 20 16 13 70 
 24 66 63 9 48 61 68 51 94 93 60 19 
 82 27 93 2 66 23 2 70 25 46 83 100 
 62 16 43 71 44 31 76 20 31 29 35 12 
 5 24 46 3 61 61 35 75 60 46 25 4 
 23 93 52 33 55 27 74 37 64 11 26 29 
 94 19 77 100 21 20 52 49 23 9 82 91 
 88 42 33 86 63 8 80 10 11 3 79 79 
 77 32 13 53 26 8 37 51 71 73 31 82 
 29 5 62 30 41 51 77 99 89 32 23 59 
 47 63 14 92 95 54 49 89 34 7 90 80 
 42 90 13 68 84 5 37 37 
 52 23 48 8 8 8 12 10 38 100 9 46 
 76 87 71 19 1 22 62 91 83 20 82 51 
 62 11 25 57 53 52 82 34 42 83 28 84 
 85 56 57 3 65 88 28 49 24 77 76 57 
 11 51 52 60 85 60 50 92 100 99 76 42 
 6 70 33 35 15 68 51 7 38 97 65 55 
 63 6 54 15 73 50 42 68 71 61 87 17 
 15 39 37 28 26 51 8 93 81 40 44 2 
 44 31 4 72 45 53 70 37 81 41 92 38 
 16 48 63 12 83 40 69 31 53 89 73 80 
 70 38 94 29 25 61 52 93 60 98 7 20 
 94 68 96 19 29 47 84 59 55 31 20 45 
 9 51 37 17 93 67 71 66 22 1 42 14 
 94 58 79 63 57 68 13 41 81 8 47 69 
 78 53 5 67 2 84 76 21 71 28 61 38 
 35 47 28 1 31 56 95 60 54 75 31 63 
 86 8 13 71 12 61 13 49 
 56 59 65 97 76 12 79 90 51 74 48 3 
 89 31 28 98 6 88 30 25 80 79 100 43 
 58 62 28 91 1 36 69 20 51 37 9 29 
 7 45 63 98 88 69 37 67 76 37 36 64 
 14 54 59 14 58 58 61 48 42 41 17 31 
 73 66 73 39 11 30 14 94 36 30 46 90 
 83 61 5 35 24 9 3 5 83 85 26 80 
 81 23 72 19 69 32 71 69 63 3 68 60 
 42 55 95 66 11 39 28 7 95 71 58 54 
 72 12 65 25 99 82 12 20 53 7 77 97 
 27 91 17 26 13 23 82 35 11 98 97 68 
 89 67 95 86 42 92 42 23 68 31 40 22 
 9 18 33 82 86 63 5 17 65 46 15 74 
 75 24 27 10 43 19 4 70 38 27 18 62 
 3 88 34 84 69 74 34 93 17 38 36 58 
 3 68 69 12 90 100 59 28 13 24 98 31 
 24 50 31 86 36 58 53 66 
 15 98 46 29 41 72 34 31 88 60 5 88 
 34 20 65 13 69 24 81 53 96 64 76 39 
 98 93 28 82 68 17 37 26 75 29 24 94 
 62 77 14 25 47 74 57 58 21 39 74 46 
 29 63 43 60 7 8 27 72 68 23 80 65 
 30 87 94 68 38 61 50 63 17 62 29 63 
 76 38 46 1 15 66 63 34 56 33 43 6 
 35 39 99 67 99 87 7 94 26 69 33 14 
 21 47 39 68 99 23 22 29 19 88 56 98 
 75 66 81 98 95 22 14 95 79 66 26 55 
 12 4 62 72 72 89 46 82 98 12 40 86 
 14 78 19 2 79 26 9 76 69 23 64 56 
 50 92 22 80 49 15 26 65 89 64 33 50 
 91 92 8 89 3 50 37 43 74 66 29 62 
 15 31 60 8 76 45 28 21 85 73 70 58 
 62 38 2 23 72 31 42 24 15 47 82 47 
 31 31 50 9 4 48 48 81 
 51 49 98 17 85 62 79 5 24 69 92 74 
 47 7 40 53 61 37 47 40 88 44 13 65 
 33 94 31 4 34 8 55 31 65 2 48 69 
 92 24 3 16 49 57 59 20 40 15 12 73 
 16 90 38 88 61 95 30 51 23 50 66 93 
 8 50 12 81 97 81 68 79 3 4 72 58 
 3 84 75 35 88 79 72 100 57 68 40 6 
 96 35 47 7 73 84 78 87 75 2 67 96 
 48 51 49 8 35 98 43 34 87 70 79 5 
 46 37 62 48 63 20 14 80 63 19 63 33 
 12 50 23 47 96 12 53 37 74 47 20 66 
 13 23 57 41 61 5 43 63 79 49 5 27 
 71 69 54 41 42 25 61 27 32 76 90 78 
 42 51 86 62 95 78 42 6 71 16 38 76 
 46 53 76 87 63 95 10 45 79 8 88 69 
 22 52 9 82 83 62 5 34 90 12 67 29 
 86 23 11 33 53 38 96 31 
 22 50 19 5 80 80 69 5 44 3 80 87 
 2 21 57 90 75 78 27 13 31 9 81 89 
 86 33 56 93 14 73 24 95 27 2 48 89 
 24 29 61 8 83 91 26 70 90 77 42 38 
 74 67 48 63 61 78 98 91 89 32 42 84 
 15 23 2 54 59 88 75 59 98 89 48 53 
 71 81 58 36 3 85 84 10 10 44 97 77 
 88 78 72 82 51 16 68 47 29 15 91 91 
 77 59 43 83 14 30 74 33 43 55 43 51 
 69 31 88 88 71 95 36 96 29 88 40 6 
 87 50 68 74 38 98 38 86 98 37 33 74 
 93 41 72 41 93 67 81 29 24 24 43 50 
 1 80 62 6 10 11 27 1 72 75 9 99 
 31 41 76 15 97 18 58 94 65 37 55 64 
 76 40 6 29 13 96 22 72 9 29 5 43 
 65 70 38 6 37 2 93 7 10 36 18 53 
 11 67 67 49 72 52 24 89 
 4 72 89 58 91 98 85 25 59 44 31 86 
 41 10 66 53 77 13 56 28 84 96 67 70 
 35 22 41 94 61 42 61 97 50 31 32 70 
 22 6 72 78 77 99 39 64 91 1 86 73 
 43 62 69 38 73 57 5 33 23 94 98 30 
 94 86 35 68 46 58 73 66 81 16 10 98 
 46 40 63 52 78 30 58 94 48 77 38 62 
 3 77 2 6 90 66 89 7 36 84 98 77 
 83 66 86 93 49 47 10 46 10 86 73 72 
 76 9 27 41 61 55 2 71 15 35 11 51 
 8 89 99 18 67 59 87 97 11 39 75 45 
 21 38 69 83 72 26 70 91 68 72 23 34 
 14 68 34 83 53 31 70 25 11 92 49 5 
 72 55 24 99 42 33 84 63 97 52 65 65 
 94 21 93 26 43 74 58 91 96 56 44 61 
 76 89 1 84 90 70 93 59 49 38 13 48 
 44 76 87 36 89 72 62 44 
 794 816 758 776 791 791 805 805 836 897 
 20 100 
 91 93 103 40 71 70 76 47 81 7 25 83 
 53 95 22 94 98 93 30 111 68 82 97 109 
 109 17 38 79 46 25 91 107 23 14 6 65 
 52 88 58 68 105 27 12 66 8 20 77 41 
 83 100 11 85 29 82 20 29 22 29 26 72 
 75 55 16 48 54 37 52 46 35 27 62 78 
 111 35 34 102 77 88 10 65 79 38 99 27 
 11 89 104 103 21 76 32 12 96 77 59 21 
 20 101 91 84 
 87 85 37 52 63 97 37 100 26 76 112 104 
 53 40 11 78 19 92 101 64 63 91 68 33 
 51 11 76 62 109 83 31 86 9 22 84 49 
 34 60 101 78 91 20 66 98 91 35 82 87 
 88 24 21 72 84 31 99 51 55 29 16 92 
 43 89 49 77 74 81 54 49 19 70 99 33 
 65 19 27 46 93 76 55 59 29 38 41 88 
 46 19 104 28 94 19 82 33 74 41 16 68 
 106 50 75 54 
 96 59 73 106 71 113 46 92 67 83 48 88 
 61 92 51 98 49 34 52 24 69 53 67 30 
 50 30 38 92 83 74 63 30 58 41 102 19 
 43 6 42 60 94 71 112 85 40 25 118 67 
 64 41 88 42 51 27 81 109 67 105 109 43 
 55 66 28 45 94 71 74 80 10 46 28 102 
 89 106 67 87 12 38 36 43 73 88 87 90 
 105 59 61 99 38 19 59 78 46 18 12 46 
 23 47 91 13 
 93 80 70 25 21 49 71 95 114 38 97 40 
 69 26 116 58 7 89 61 33 66 107 28 97 
 69 46 12 70 97 93 47 52 6 80 88 84 
 89 26 110 27 40 68 60 90 84 45 96 56 
 27 97 45 88 47 27 70 84 32 47 96 50 
 79 49 30 69 34 79 92 36 106 89 43 88 
 92 102 100 30 77 100 21 20 67 72 70 56 
 91 19 53 21 56 104 44 83 5 62 18 39 
 75 114 104 96 
 76 67 4 65 85 28 22 98 20 88 55 5 
 81 58 45 19 116 67 74 77 13 119 87 51 
 66 62 44 39 100 45 102 49 96 75 97 105 
 12 82 46 95 100 52 18 112 97 107 72 41 
 17 76 103 84 29 56 11 56 83 57 51 12 
 93 71 33 35 56 51 81 20 51 100 25 29 
 53 90 99 81 34 111 88 43 41 93 7 90 
 40 106 116 62 70 25 37 99 107 15 99 81 
 18 32 43 102 
 77 84 82 61 50 88 63 77 104 64 17 95 
 67 48 79 53 17 17 109 19 34 36 32 47 
 73 27 93 94 59 80 28 29 37 52 113 23 
 95 33 103 8 71 24 20 64 83 95 90 110 
 44 104 75 76 34 93 55 103 72 34 20 7 
 22 20 70 80 88 111 47 106 62 76 29 41 
 53 73 90 4 35 89 100 19 33 83 28 43 
 100 55 22 38 94 65 98 93 70 98 76 14 
 83 68 25 4 
 20 69 80 50 19 113 91 109 38 48 83 44 
 34 9 36 40 78 87 41 82 107 38 101 26 
 36 43 47 56 44 71 65 33 29 85 70 28 
 29 26 40 116 21 73 24 30 107 67 40 82 
 26 73 49 36 90 44 89 67 42 87 34 72 
 90 72 47 112 62 22 84 50 61 22 26 104 
 45 45 65 63 23 97 72 50 30 42 59 54 
 52 47 119 93 6 23 65 51 48 28 54 23 
 3 42 82 18 
 40 52 12 56 44 29 114 94 7 85 78 84 
 35 66 56 78 18 26 79 91 40 109 33 83 
 20 12 17 110 52 104 51 53 26 46 53 55 
 42 56 16 16 79 61 14 93 91 18 75 110 
 21 65 91 46 64 23 52 62 21 6 20 77 
 100 115 118 99 50 100 94 70 60 33 106 82 
 28 54 92 102 48 94 68 96 91 89 67 25 
 34 48 61 4 93 91 80 57 46 60 76 103 
 17 53 37 10 
 28 75 114 91 116 58 74 25 65 31 54 44 
 70 48 76 97 77 46 58 29 40 113 64 78 
 30 30 54 33 44 43 53 47 30 37 60 82 
 20 67 17 109 112 12 8 105 109 75 31 101 
 91 44 48 97 30 35 14 56 17 97 33 23 
 62 11 67 95 61 55 100 56 104 102 105 53 
 54 19 38 91 75 19 48 7 11 74 93 52 
 30 10 46 25 87 56 65 65 9 27 16 111 
 91 92 37 22 
 30 40 101 34 68 100 23 79 85 61 67 17 
 60 103 23 79 72 89 45 27 56 45 35 97 
 24 55 30 15 19 9 12 64 32 48 78 31 
 63 62 94 45 71 58 106 11 97 9 26 27 
 88 6 51 102 47 42 23 97 52 86 92 109 
 101 31 76 32 53 68 101 48 99 94 77 90 
 75 10 91 12 31 67 76 67 40 18 75 73 
 59 29 79 29 72 91 32 98 102 109 92 79 
 12 11 47 70 
 113 33 107 39 94 43 66 25 102 56 66 95 
 18 24 80 107 81 33 85 96 37 87 82 67 
 18 70 36 60 38 87 45 106 109 73 33 35 
 36 2 42 59 7 16 38 64 32 7 103 34 
 17 79 37 24 91 31 42 68 44 48 39 113 
 14 67 100 22 88 113 79 27 81 76 106 26 
 94 115 105 54 20 30 74 24 42 78 64 23 
 71 82 21 93 82 18 57 95 55 90 68 54 
 82 113 98 107 
 102 97 36 16 22 117 16 46 52 42 34 33 
 25 21 46 65 85 45 44 55 48 58 89 73 
 50 92 74 98 33 98 115 84 106 56 43 88 
 2 30 30 23 93 50 57 75 25 24 76 42 
 98 63 111 72 50 48 40 108 78 94 19 48 
 60 33 32 58 30 53 111 40 102 28 40 114 
 61 47 109 50 75 85 58 35 61 44 27 82 
 110 92 66 48 111 79 77 28 10 88 41 63 
 26 65 74 111 
 95 63 11 22 81 48 68 19 61 40 13 60 
 24 97 39 110 59 14 61 84 95 115 52 58 
 67 52 44 103 75 33 82 106 34 35 101 24 
 17 68 69 26 81 55 10 60 65 55 99 58 
 48 83 28 48 66 26 63 45 62 58 40 19 
 55 81 75 91 60 59 79 90 43 48 13 80 
 64 53 52 98 57 35 54 95 91 67 43 75 
 117 45 19 15 66 84 18 96 54 15 47 51 
 28 98 28 97 
 43 88 57 106 37 22 76 22 63 92 25 28 
 101 23 54 83 27 64 83 100 73 108 57 104 
 32 25 84 61 86 37 81 64 98 17 71 96 
 90 30 87 60 61 47 42 33 82 84 82 89 
 54 81 32 111 60 29 96 52 43 62 83 72 
 33 82 29 33 79 56 96 46 94 51 47 106 
 100 102 92 99 87 86 103 59 85 53 10 85 
 87 13 78 73 71 59 77 79 81 83 29 44 
 29 79 25 33 
 89 19 52 92 101 44 29 29 68 91 82 96 
 40 79 63 57 93 25 25 23 75 30 68 84 
 35 90 35 67 45 116 44 12 108 11 22 16 
 41 98 88 17 45 82 96 46 10 104 37 49 
 66 52 26 20 87 100 52 84 92 97 11 89 
 97 20 15 8 35 68 42 95 26 35 26 49 
 112 66 38 63 82 13 22 24 88 48 49 104 
 29 84 79 85 23 22 35 62 64 31 48 103 
 10 111 36 55 
 54 49 99 89 92 67 72 96 34 54 14 27 
 33 44 86 59 97 88 107 89 50 43 17 38 
 41 66 88 85 22 104 90 16 38 12 56 43 
 68 59 73 60 14 98 84 85 88 57 50 68 
 19 20 71 109 67 23 80 34 75 67 109 41 
 75 76 19 86 104 24 14 21 48 32 10 53 
 105 79 114 47 91 66 103 63 36 87 57 53 
 101 64 37 110 24 60 82 83 104 15 12 37 
 85 103 88 75 
 77 102 64 96 24 50 80 69 16 110 37 30 
 101 60 23 35 53 93 38 25 20 31 107 27 
 115 15 30 57 14 94 39 58 50 49 10 48 
 37 53 88 24 87 74 40 86 20 34 100 91 
 74 101 60 103 85 48 100 68 51 30 63 22 
 33 80 87 71 96 11 34 98 65 84 61 48 
 37 63 72 44 10 25 31 18 90 58 78 90 
 77 45 86 24 64 76 20 7 115 69 41 50 
 95 31 52 91 
 20 29 30 6 58 86 43 103 85 51 13 79 
 38 98 75 16 106 76 104 76 20 14 18 35 
 67 93 22 77 63 96 79 97 106 95 40 76 
 12 115 39 103 45 13 53 36 88 59 50 51 
 30 37 106 91 15 86 107 83 89 80 6 59 
 65 112 75 90 43 68 70 26 72 101 96 47 
 47 97 12 95 81 119 73 109 106 109 76 53 
 102 98 28 59 72 69 39 62 79 10 79 22 
 19 18 109 102 
 46 62 23 81 78 46 65 23 92 58 45 65 
 100 31 111 91 82 53 61 48 63 57 22 55 
 36 103 98 92 98 78 21 95 112 56 23 13 
 20 91 116 114 89 63 43 61 69 70 98 16 
 51 45 112 60 35 103 27 49 19 47 94 81 
 54 7 60 78 41 44 30 94 27 43 24 58 
 73 38 11 53 85 32 81 105 17 104 42 26 
 41 28 98 42 65 57 82 69 76 101 35 45 
 79 110 30 14 
 43 95 81 52 75 16 93 88 31 28 73 30 
 61 87 82 21 42 22 31 108 102 16 45 22 
 104 40 85 54 22 78 22 72 87 25 49 75 
 58 84 19 72 26 86 39 74 54 89 59 61 
 32 27 77 68 53 107 105 68 68 87 84 27 
 77 78 19 44 30 50 23 67 103 99 75 12 
 38 4 41 56 64 110 52 86 78 56 97 83 
 28 15 10 77 16 69 97 24 30 21 65 32 
 54 91 54 92 
 17 24 14 76 34 32 33 55 30 95 81 38 
 61 11 85 7 18 13 89 4 38 34 4 8 
 4 84 83 36 61 81 20 2 88 93 96 44 
 54 20 61 39 4 94 98 49 93 99 25 79 
 22 6 100 26 81 29 95 79 80 82 78 42 
 44 52 91 73 62 71 49 74 78 94 59 40 
 2 70 76 17 26 14 97 51 36 63 13 87 
 96 30 17 13 90 38 88 96 15 39 48 97 
 96 8 20 32 
 20 23 72 51 58 5 82 10 87 43 7 4 
 50 69 92 27 100 17 10 55 49 21 46 88 
 55 92 38 55 8 29 87 32 99 99 31 65 
 69 52 16 41 11 94 42 16 10 83 32 34 
 19 91 95 44 30 70 20 54 56 80 93 22 
 73 26 64 36 47 34 51 70 86 36 12 69 
 44 98 77 62 22 37 65 42 88 76 80 17 
 68 94 12 77 17 95 28 72 28 67 100 50 
 4 62 31 50 
 24 54 41 1 41 8 69 15 50 31 55 32 
 52 18 57 8 56 78 59 88 48 50 45 76 
 68 90 76 29 19 41 55 90 55 74 4 92 
 67 99 61 44 21 41 3 32 65 85 1 47 
 44 76 31 64 68 82 26 1 48 4 10 75 
 52 49 90 66 11 37 42 40 95 67 80 13 
 19 11 43 17 90 66 73 62 46 14 33 29 
 5 47 41 12 81 92 53 35 70 86 90 57 
 83 56 25 95 
 8 30 36 86 87 61 42 8 2 71 16 77 
 32 90 5 53 98 24 43 69 40 8 91 5 
 51 75 91 33 22 14 61 50 99 28 25 23 
 28 81 4 74 81 36 60 13 33 76 21 55 
 94 16 69 30 59 77 43 27 83 60 14 66 
 37 69 90 46 69 25 26 79 4 31 66 31 
 19 13 19 89 37 13 89 99 48 44 42 51 
 29 98 64 90 60 6 64 21 99 48 89 72 
 30 3 4 9 
 37 45 99 39 19 81 90 20 95 15 52 96 
 27 54 68 83 3 38 42 29 90 2 33 62 
 36 51 66 62 3 68 7 61 9 29 10 10 
 89 39 56 18 14 68 86 6 7 13 38 74 
 90 41 2 26 87 57 93 49 36 50 67 99 
 16 48 68 84 60 60 38 98 50 6 82 90 
 63 30 4 33 71 9 26 71 61 19 99 12 
 76 3 4 40 47 88 69 10 11 94 4 21 
 90 88 59 7 
 32 25 19 44 69 31 50 29 14 53 92 15 
 45 58 27 63 91 94 8 88 75 83 86 72 
 34 75 18 14 57 33 82 87 71 62 4 81 
 17 72 6 93 39 77 81 46 32 14 11 1 
 74 4 33 45 87 20 65 6 45 86 94 99 
 82 88 49 33 18 2 54 1 56 26 85 72 
 59 35 19 100 69 16 12 98 79 31 92 59 
 9 59 88 83 11 42 4 11 41 18 39 90 
 28 53 76 100 
 89 39 37 57 96 3 20 10 65 65 25 70 
 67 95 79 73 26 32 71 19 9 79 1 82 
 71 60 64 48 69 45 55 72 81 29 45 89 
 82 81 81 5 86 33 80 80 10 35 76 30 
 81 41 64 75 24 58 26 39 71 23 70 45 
 16 31 67 6 57 83 26 55 57 87 82 13 
 60 66 39 40 89 16 47 68 80 61 53 64 
 53 58 2 9 96 86 38 64 55 83 67 89 
 100 63 32 86 
 72 63 90 56 71 80 2 7 94 21 42 23 
 84 41 55 40 100 82 37 13 61 3 85 36 
 81 99 97 4 53 2 51 65 86 73 55 57 
 65 62 100 85 23 58 95 27 17 97 26 8 
 80 55 22 70 41 97 58 40 97 95 82 34 
 17 4 2 17 69 2 11 31 46 73 1 27 
 87 54 23 8 60 20 52 19 17 24 35 96 
 71 64 43 100 19 11 34 54 56 46 41 17 
 99 58 78 93 
 79 45 6 30 3 61 29 92 55 74 57 70 
 43 56 36 4 44 73 58 88 67 7 47 40 
 88 77 57 86 63 70 57 54 87 81 51 39 
 98 50 99 4 2 93 97 5 1 42 72 2 
 13 63 56 22 76 69 100 63 96 16 74 91 
 59 90 37 23 52 59 4 46 11 15 6 61 
 62 82 63 15 43 95 71 99 91 46 23 68 
 85 99 55 91 19 56 51 47 94 90 90 4 
 16 24 72 90 
 87 74 4 81 53 20 80 39 30 47 48 96 
 49 5 82 38 48 26 62 88 55 60 80 16 
 82 65 72 98 82 97 92 57 82 62 33 78 
 55 56 9 61 32 55 1 93 18 96 88 92 
 23 97 51 17 64 66 88 6 50 31 23 5 
 9 70 38 79 61 41 17 61 6 14 43 14 
 30 96 14 89 89 46 32 34 80 85 39 37 
 62 80 37 72 32 29 70 20 18 4 17 36 
 98 91 66 38 
 3 86 11 75 13 71 53 77 13 55 38 19 
 100 81 28 3 28 82 22 16 72 17 21 35 
 89 36 71 55 78 17 73 12 3 37 77 71 
 80 100 70 48 97 94 65 45 70 99 3 68 
 98 24 74 88 23 79 69 40 60 73 76 7 
 94 44 14 86 23 7 37 74 38 27 1 89 
 11 4 7 61 88 77 32 81 68 29 57 82 
 49 19 94 20 30 92 44 15 48 18 51 56 
 38 3 23 2 
 6 17 67 85 82 2 92 58 62 71 70 88 
 92 93 69 43 21 63 58 58 56 46 18 43 
 52 9 31 17 83 7 2 24 9 58 72 18 
 99 74 82 78 8 63 56 33 87 82 45 60 
 21 58 8 35 56 57 78 7 27 9 85 62 
 52 72 73 50 85 57 5 65 7 78 73 7 
 52 54 12 55 26 35 52 68 40 75 75 28 
 6 19 39 67 6 29 26 77 100 23 72 43 
 78 47 41 2 
 14 46 96 81 30 68 46 92 42 65 91 52 
 78 6 75 9 42 99 47 31 26 4 56 50 
 39 57 68 7 45 79 36 1 84 78 17 79 
 87 51 48 77 29 52 100 41 45 65 7 49 
 58 34 87 53 39 92 56 61 43 43 64 97 
 48 28 33 30 42 50 35 31 76 70 94 40 
 39 53 49 14 59 86 57 16 10 36 73 34 
 2 71 95 90 42 21 98 14 62 92 59 57 
 73 8 84 10 
 62 15 45 10 82 93 43 93 50 27 93 74 
 12 85 59 22 85 41 26 13 29 4 44 4 
 69 87 25 42 20 69 34 38 17 96 46 11 
 31 71 22 50 54 68 69 83 36 36 29 14 
 64 24 85 3 53 76 6 63 63 54 26 47 
 86 24 85 84 23 48 25 64 15 57 60 2 
 20 9 21 3 16 15 3 50 26 64 94 29 
 26 94 27 31 46 56 42 27 34 33 77 64 
 73 25 96 86 
 24 94 64 14 3 74 73 87 44 20 36 20 
 69 28 57 59 15 84 82 97 27 77 36 35 
 85 31 80 39 67 4 57 94 8 95 79 98 
 69 7 29 88 70 19 17 59 98 3 66 54 
 51 49 81 95 29 21 59 22 21 23 100 19 
 15 84 89 99 74 47 79 12 94 76 81 54 
 6 54 68 49 27 99 94 77 21 58 67 7 
 80 17 41 34 81 86 78 59 38 85 59 10 
 91 6 78 61 
 63 68 5 31 23 39 47 21 82 48 100 83 
 73 57 21 62 20 15 1 17 67 70 88 63 
 65 51 17 32 86 4 20 97 69 95 59 60 
 48 58 46 51 96 3 27 28 14 60 54 36 
 99 86 41 10 36 95 39 81 33 45 1 68 
 46 41 87 20 15 89 87 82 73 69 91 62 
 13 39 2 62 10 55 13 50 73 23 46 51 
 9 55 75 8 92 54 27 18 15 90 92 74 
 16 4 17 32 
 44 1 44 23 84 54 38 32 86 1 82 75 
 11 41 87 75 62 15 73 89 98 86 2 77 
 1 98 84 54 92 16 63 44 69 53 98 53 
 73 67 30 84 28 30 75 26 89 78 18 12 
 33 10 46 14 18 72 12 38 67 80 47 98 
 75 24 21 46 16 100 83 14 50 19 59 60 
 81 45 43 66 94 92 78 93 19 50 41 21 
 29 62 32 93 37 27 98 94 6 47 71 67 
 12 85 63 18 
 96 73 89 96 47 21 71 6 20 65 92 41 
 76 15 38 93 15 31 17 27 96 100 89 73 
 35 26 81 29 41 24 36 22 2 12 71 30 
 90 4 79 2 74 99 67 78 19 57 52 61 
 71 75 10 25 86 30 7 18 23 27 100 53 
 49 7 35 30 66 45 37 93 33 14 19 58 
 69 18 95 24 24 1 33 4 2 10 36 66 
 8 22 73 54 38 33 63 56 40 92 26 95 
 98 100 7 14 
 57 40 80 24 29 70 53 95 25 43 66 46 
 20 78 5 30 26 54 41 56 58 53 88 53 
 79 13 11 13 16 27 81 19 4 46 84 98 
 88 22 2 2 15 50 68 58 50 38 13 89 
 59 74 2 45 71 16 78 55 89 73 26 31 
 47 97 48 31 75 65 88 24 86 64 87 56 
 47 63 93 60 23 74 37 15 88 1 78 88 
 75 73 21 69 53 48 39 40 29 6 77 70 
 28 4 83 94 
 78 10 38 63 33 92 28 17 82 91 42 77 
 53 28 29 100 75 96 90 1 12 85 56 79 
 7 69 26 52 85 42 95 45 22 92 69 26 
 47 23 93 41 76 16 76 39 53 19 47 42 
 88 82 40 52 68 4 16 34 38 25 33 91 
 24 27 82 63 91 66 79 46 17 9 46 91 
 66 98 69 63 46 11 59 24 39 46 12 21 
 82 96 91 37 87 32 23 97 82 82 40 78 
 65 11 51 19 
 207 204 196 191 189 200 219 203 219 209 196 195 
 207 182 217 194 211 187 201 211 
 20 200 
 40 20 38 108 107 20 93 33 91 94 25 75 
 82 66 25 98 21 104 84 41 48 41 108 99 
 29 75 92 11 83 35 33 96 12 24 81 106 
 25 83 86 30 99 59 57 26 9 21 63 79 
 16 81 28 109 64 49 106 95 67 83 8 107 
 50 14 89 27 77 70 21 92 30 98 89 110 
 50 81 117 32 14 24 16 87 54 48 15 27 
 51 58 18 94 81 78 26 55 47 95 94 24 
 51 29 91 88 57 110 43 37 85 18 96 29 
 71 93 108 9 63 69 87 58 62 44 12 58 
 87 31 42 29 65 112 21 74 77 20 43 20 
 36 64 61 81 81 11 37 111 7 30 15 14 
 28 73 101 88 60 64 45 99 59 76 85 107 
 68 96 92 67 97 99 59 57 7 91 69 32 
 63 106 74 96 100 20 27 74 22 69 23 108 
 42 59 32 9 39 27 96 49 29 22 101 96 
 43 89 94 87 64 61 65 44 
 53 68 12 27 61 28 66 40 95 28 77 108 
 98 11 55 102 21 42 30 58 97 111 97 95 
 78 32 73 85 10 26 80 12 102 86 55 4 
 56 106 104 52 46 6 111 21 111 25 34 95 
 37 22 31 78 31 61 20 23 79 34 76 66 
 48 85 98 116 95 12 54 99 17 44 30 27 
 69 61 74 48 14 50 36 68 86 88 39 17 
 24 36 62 61 75 66 74 87 43 37 74 33 
 49 101 34 95 38 78 40 107 69 91 25 86 
 94 54 63 63 103 90 104 45 61 62 69 49 
 88 54 52 89 62 101 119 50 54 49 92 66 
 57 42 48 35 83 78 71 95 72 9 52 64 
 52 111 71 52 100 107 80 54 72 76 49 37 
 21 42 69 93 93 56 38 25 89 19 98 59 
 44 28 19 21 77 72 29 19 92 22 76 37 
 91 19 62 63 13 106 51 74 106 26 22 27 
 39 60 35 48 80 28 5 27 
 51 68 21 51 57 60 33 36 37 97 67 94 
 17 97 101 27 52 43 21 69 119 102 62 66 
 81 49 16 54 49 76 79 50 103 27 108 14 
 5 51 58 48 28 72 108 104 72 111 90 39 
 39 88 14 73 52 102 46 81 59 30 71 103 
 108 46 61 43 6 38 59 101 56 91 66 70 
 100 43 47 88 26 102 18 72 98 43 95 57 
 52 78 47 109 104 108 100 41 40 33 44 102 
 21 34 106 48 87 82 56 60 44 11 36 34 
 55 110 45 105 87 36 66 79 38 47 48 49 
 81 37 72 32 40 44 58 25 61 35 17 28 
 74 115 16 15 38 59 51 67 15 38 83 40 
 96 94 17 94 18 28 24 99 108 33 35 3 
 100 15 19 75 31 39 48 25 24 35 30 118 
 40 35 22 78 70 71 20 35 63 89 73 26 
 99 82 4 106 94 67 27 70 99 64 37 95 
 50 109 72 97 77 20 92 53 
 31 42 95 98 17 80 90 1 23 74 49 116 
 54 93 10 53 61 104 75 63 52 50 21 51 
 87 87 70 51 25 60 89 9 73 93 25 23 
 47 12 25 61 67 84 17 29 50 68 92 70 
 26 23 64 60 65 33 24 54 65 84 79 51 
 72 76 80 14 16 80 102 90 63 63 87 47 
 89 19 38 74 90 55 100 107 32 89 68 117 
 57 19 15 12 40 47 85 69 15 47 78 41 
 43 60 106 98 58 67 12 12 24 100 85 42 
 28 25 10 57 25 67 96 17 78 95 96 82 
 80 10 50 94 44 15 67 25 72 69 30 111 
 41 62 48 51 75 89 66 105 109 52 92 56 
 11 46 24 44 14 70 23 59 25 89 28 43 
 100 45 85 20 28 28 21 13 54 50 56 62 
 37 33 101 37 49 93 92 43 98 79 27 63 
 20 55 80 22 47 57 62 90 78 106 60 68 
 96 19 98 72 106 113 67 43 
 22 61 100 80 41 66 105 58 24 41 32 84 
 86 86 46 74 94 76 92 36 104 26 58 70 
 28 29 13 17 24 96 87 39 9 83 88 111 
 47 72 58 45 37 66 92 76 111 100 73 35 
 62 108 68 84 39 59 7 72 28 104 27 59 
 66 49 94 35 75 52 84 14 25 115 13 29 
 80 15 100 14 50 95 67 16 102 79 33 15 
 15 59 61 62 78 76 60 77 80 102 16 78 
 85 65 93 116 60 22 64 59 69 108 18 35 
 52 53 81 103 17 53 102 78 76 44 54 65 
 45 57 57 84 32 47 79 78 78 39 59 102 
 55 81 35 85 108 31 80 75 12 100 86 69 
 82 43 45 41 99 34 42 117 76 23 82 64 
 34 42 58 47 26 97 78 105 62 64 85 81 
 20 69 114 77 43 41 43 67 25 100 21 16 
 11 93 49 31 67 30 25 16 36 41 58 42 
 54 42 56 37 28 103 86 63 
 95 71 20 46 49 27 68 54 26 59 105 58 
 98 83 11 65 104 40 56 45 35 90 103 80 
 77 59 30 113 50 36 2 30 40 49 91 44 
 6 88 44 68 18 15 79 64 94 53 97 38 
 69 55 54 60 67 88 42 102 45 76 54 33 
 40 62 46 20 89 38 71 22 23 80 93 12 
 108 92 83 31 103 13 92 72 36 82 46 72 
 35 103 23 49 40 26 11 34 98 60 8 78 
 77 34 58 93 41 79 106 8 32 28 8 24 
 47 57 89 31 93 7 59 110 97 42 41 26 
 76 20 79 63 105 76 50 10 101 76 62 28 
 55 66 64 64 41 90 37 65 57 78 73 43 
 55 82 109 30 64 96 49 43 19 56 67 23 
 66 76 64 64 39 5 64 83 70 100 108 108 
 58 86 105 61 18 73 107 77 115 17 103 29 
 97 38 89 87 88 92 56 62 21 49 55 32 
 37 65 41 78 86 28 63 52 
 18 22 60 40 25 45 22 45 56 29 64 90 
 73 103 56 53 37 69 22 91 44 104 64 65 
 14 45 99 14 73 16 72 29 51 93 43 78 
 52 34 41 64 54 37 84 53 16 30 98 77 
 29 110 92 85 81 97 100 61 4 31 39 54 
 15 34 51 77 54 75 27 105 96 66 84 6 
 98 80 32 101 11 41 54 114 98 101 101 55 
 91 104 45 96 33 56 114 84 90 72 24 55 
 23 62 38 39 74 88 98 15 88 100 64 45 
 69 77 99 105 17 30 87 63 84 24 58 74 
 54 74 26 52 26 26 31 41 41 97 113 40 
 72 29 27 91 59 25 92 52 11 44 16 74 
 104 49 90 47 3 77 47 34 21 102 74 32 
 82 93 84 102 87 58 83 69 31 45 44 40 
 76 81 39 95 60 29 105 4 76 111 28 71 
 65 27 71 25 72 97 110 114 95 91 85 105 
 52 33 50 70 102 7 38 86 
 18 118 63 91 45 106 74 45 80 91 71 82 
 56 62 83 16 27 64 53 56 112 104 112 56 
 57 69 93 90 68 95 107 62 55 89 70 35 
 26 25 46 26 72 9 100 45 57 109 92 36 
 109 45 82 17 107 74 115 30 100 95 97 20 
 68 68 44 99 72 50 65 87 20 104 78 41 
 106 26 109 92 3 79 74 17 100 46 40 37 
 36 50 53 99 108 23 63 88 112 50 14 90 
 85 99 77 91 95 39 37 42 26 63 45 36 
 39 86 81 38 31 77 30 60 62 81 42 58 
 100 28 45 72 100 64 52 94 61 56 57 30 
 10 13 62 29 29 90 9 93 43 109 95 75 
 47 10 63 73 100 97 87 28 90 67 67 25 
 86 78 31 28 43 63 101 33 39 85 108 104 
 83 51 10 79 46 63 72 29 87 38 45 82 
 99 114 29 31 23 100 10 51 100 83 90 58 
 22 67 99 68 45 86 18 25 
 52 81 55 38 51 11 103 24 58 59 12 102 
 82 49 78 48 98 29 42 8 81 111 86 106 
 26 114 38 89 47 61 52 100 66 110 100 50 
 32 58 46 107 85 10 35 64 40 61 98 28 
 85 59 66 81 98 76 64 19 73 96 71 70 
 95 41 38 17 75 77 74 101 81 88 74 44 
 62 75 57 44 103 52 66 100 86 56 59 38 
 77 98 105 48 55 84 49 68 91 59 19 85 
 17 99 37 79 55 50 35 107 54 37 72 100 
 68 86 70 52 98 92 88 46 96 34 101 44 
 55 55 92 106 71 32 93 98 104 77 65 35 
 31 96 7 68 84 42 67 36 64 52 14 43 
 47 77 54 38 43 69 36 20 48 47 74 82 
 101 97 25 50 40 53 87 3 51 61 80 25 
 104 100 62 14 39 77 10 86 14 47 9 89 
 101 7 88 117 104 78 42 42 23 35 16 79 
 62 15 100 77 55 39 78 55 
 54 42 91 20 107 73 105 21 31 58 60 75 
 24 75 46 111 62 33 13 15 89 48 99 65 
 38 72 35 94 93 110 77 38 38 42 98 23 
 37 54 16 110 67 12 87 95 39 84 72 104 
 97 98 39 51 104 103 79 31 52 13 17 17 
 70 116 45 59 62 36 19 12 91 80 38 35 
 38 29 56 72 26 66 42 63 55 18 25 60 
 106 27 33 82 74 52 24 7 21 78 22 23 
 89 25 67 85 82 7 75 105 32 35 113 87 
 117 96 41 55 35 26 106 77 63 32 114 66 
 96 26 24 92 113 44 104 38 14 69 22 33 
 37 79 59 106 14 36 72 51 14 91 71 26 
 66 13 110 103 41 51 81 94 34 72 20 57 
 66 84 13 55 64 93 59 59 115 78 43 32 
 39 102 101 70 58 73 42 92 95 75 38 14 
 53 98 51 77 80 32 105 33 76 88 11 28 
 59 63 48 42 67 13 47 94 
 36 86 64 78 35 83 79 106 74 90 25 14 
 26 73 53 50 38 88 86 35 107 49 88 11 
 91 28 106 6 37 53 26 113 65 43 31 67 
 49 5 60 64 35 78 17 49 101 97 66 52 
 45 8 44 56 18 45 66 85 24 40 66 57 
 80 29 106 84 98 68 87 55 94 89 94 28 
 37 62 72 42 50 50 62 23 10 60 89 36 
 79 54 102 69 79 93 35 63 7 78 106 90 
 100 63 51 83 37 43 24 18 54 68 82 89 
 40 42 87 105 75 53 105 95 33 56 44 67 
 100 63 88 96 79 73 55 94 52 90 74 49 
 56 40 104 100 73 23 31 17 87 57 19 103 
 93 24 91 75 36 17 94 24 34 30 95 29 
 49 37 42 83 61 91 59 99 7 96 40 79 
 30 16 13 44 41 69 48 105 94 25 14 63 
 98 82 23 109 54 36 120 79 83 70 20 107 
 70 18 81 60 50 107 75 26 
 58 84 80 86 25 89 78 43 33 38 38 25 
 58 40 18 11 86 102 58 83 21 56 59 55 
 38 37 29 83 104 54 36 94 42 19 50 64 
 35 32 43 67 104 21 35 94 89 23 58 86 
 93 18 54 85 73 62 101 83 48 61 63 75 
 39 100 92 36 54 18 99 19 97 40 50 12 
 50 59 114 101 37 43 55 49 65 72 111 66 
 105 40 99 107 4 24 116 95 15 90 19 89 
 46 44 72 37 92 10 61 79 28 77 73 102 
 60 17 50 38 7 16 80 71 91 78 80 66 
 38 86 73 98 108 9 86 33 117 38 67 104 
 111 26 47 84 88 46 43 16 69 25 19 73 
 56 103 46 53 61 93 103 100 115 63 114 102 
 65 70 15 30 63 48 77 91 102 53 74 33 
 71 34 90 2 8 86 71 18 104 10 47 40 
 117 82 78 34 113 20 46 70 45 45 101 25 
 67 38 46 11 81 42 80 49 
 72 56 51 44 92 87 88 100 90 56 70 65 
 32 42 92 14 102 61 77 47 59 47 12 4 
 30 21 87 58 77 80 36 42 36 7 114 46 
 9 91 102 85 51 104 102 67 71 78 20 11 
 66 12 58 18 54 55 66 58 100 28 51 88 
 35 83 103 61 64 27 21 77 61 28 20 85 
 114 76 75 23 35 11 91 54 19 24 100 92 
 25 30 56 18 44 95 21 44 109 46 97 77 
 46 35 67 28 39 30 118 74 38 19 58 33 
 54 11 26 98 31 111 22 83 82 72 47 19 
 37 62 47 86 105 65 86 88 67 95 99 32 
 10 71 30 106 75 42 49 82 94 107 59 99 
 21 23 37 44 67 28 34 79 85 107 36 38 
 66 103 71 69 103 55 95 85 53 65 78 40 
 71 19 42 16 89 28 57 37 21 40 13 111 
 95 65 30 13 53 93 8 111 82 62 24 81 
 24 61 67 22 17 13 116 39 
 63 102 82 83 68 11 101 10 38 102 105 85 
 91 74 95 30 52 66 94 112 80 49 28 47 
 112 44 42 47 67 95 75 63 42 26 65 75 
 54 73 78 66 69 31 65 46 97 66 24 90 
 89 73 18 32 36 111 65 54 80 39 53 21 
 17 75 96 81 27 14 62 46 59 73 75 110 
 46 31 15 39 25 98 25 80 82 85 55 30 
 22 78 23 87 95 101 53 30 17 81 91 57 
 34 64 57 30 91 71 50 50 110 50 52 71 
 57 23 14 31 22 35 74 101 19 86 64 38 
 77 30 80 43 66 38 46 66 53 42 102 47 
 27 94 107 39 57 77 104 30 71 66 49 16 
 93 17 78 44 104 26 85 38 56 103 31 46 
 98 42 19 99 41 95 105 18 59 68 13 69 
 55 24 91 111 98 68 91 68 71 31 38 45 
 101 59 52 43 38 8 32 59 98 43 83 13 
 112 49 88 87 94 83 17 20 
 44 7 86 64 37 73 77 43 45 56 101 64 
 94 87 46 112 19 109 41 32 86 98 100 26 
 88 20 62 59 22 88 50 66 98 23 53 107 
 25 69 38 102 34 115 106 92 93 112 42 102 
 87 114 33 107 112 68 24 77 29 78 92 84 
 78 41 68 92 62 110 94 41 69 87 34 27 
 14 54 84 17 4 37 101 79 66 13 30 41 
 58 92 27 113 104 103 14 13 60 98 105 100 
 13 32 77 66 47 37 22 64 30 39 40 112 
 105 54 24 5 88 23 89 38 80 35 47 56 
 15 11 21 37 22 118 62 57 22 113 65 87 
 51 38 28 98 80 81 109 91 46 51 61 72 
 20 98 100 24 68 81 79 57 17 47 13 56 
 71 102 37 13 93 39 33 92 48 64 92 57 
 15 15 19 13 49 63 71 25 41 55 23 109 
 43 21 68 105 117 92 88 67 67 95 60 19 
 20 103 71 107 112 36 87 77 
 40 14 92 37 90 104 76 41 105 36 116 80 
 34 47 53 74 115 34 49 69 79 43 11 108 
 70 54 38 26 72 16 75 90 50 36 42 85 
 54 74 78 33 13 6 41 50 71 70 105 100 
 104 102 58 70 33 78 84 37 66 27 108 104 
 34 11 96 14 53 43 15 43 26 71 78 39 
 25 89 82 77 90 48 87 82 88 47 69 51 
 83 70 86 85 60 63 67 115 90 28 17 108 
 111 15 90 37 54 42 72 79 26 95 67 38 
 62 60 13 19 22 64 46 45 61 115 57 113 
 16 96 52 101 65 97 102 75 118 101 38 37 
 64 29 63 95 62 53 83 74 32 7 96 55 
 21 70 65 61 85 48 6 45 93 32 53 81 
 101 88 65 77 19 25 20 17 56 21 48 55 
 24 98 106 106 53 32 53 57 104 81 37 93 
 71 88 20 108 42 35 55 81 11 78 94 44 
 71 100 97 51 98 50 19 84 
 80 105 25 61 35 82 18 112 26 82 64 76 
 25 58 74 30 85 92 71 48 77 45 47 45 
 50 97 54 75 73 48 78 113 29 34 62 87 
 20 67 77 71 34 76 102 31 5 22 17 104 
 58 13 112 12 97 109 118 10 53 74 34 90 
 36 91 40 14 42 24 52 115 99 75 69 28 
 69 69 78 98 64 68 90 103 68 88 37 102 
 40 51 10 17 21 86 11 58 36 98 32 44 
 85 20 39 56 77 61 25 57 22 31 71 60 
 104 4 67 22 36 96 58 53 89 77 40 101 
 81 36 49 44 31 67 16 58 92 87 86 88 
 34 24 109 39 59 12 56 83 22 104 36 102 
 35 50 23 24 96 55 80 20 33 23 50 77 
 54 84 85 100 34 13 83 47 101 40 54 73 
 36 68 14 96 87 99 15 84 90 71 27 53 
 51 34 50 39 93 16 82 105 31 34 62 48 
 12 71 94 74 78 50 11 23 
 63 115 65 31 20 30 74 31 59 64 65 80 
 52 87 25 40 25 101 69 100 60 104 86 71 
 80 73 57 33 105 20 20 93 44 111 39 21 
 77 92 101 31 35 89 55 70 73 70 71 73 
 28 29 70 97 69 65 68 35 25 55 80 48 
 89 14 55 94 32 39 57 101 81 51 90 92 
 36 97 17 92 94 18 50 25 53 93 11 75 
 63 71 29 110 87 76 26 8 89 62 102 16 
 74 63 17 52 32 88 28 4 41 16 36 74 
 76 114 114 48 62 7 74 13 115 16 6 69 
 57 16 29 63 40 15 37 30 71 89 42 92 
 62 31 79 84 76 58 34 106 108 59 25 59 
 35 112 33 33 73 40 86 108 99 19 55 88 
 66 48 115 94 56 25 56 87 56 111 78 25 
 103 19 23 44 70 77 2 93 97 65 74 40 
 79 104 30 83 89 32 4 14 87 15 115 88 
 51 45 49 83 7 78 69 50 
 13 36 50 44 57 57 54 69 92 69 16 22 
 45 68 29 95 17 21 88 63 33 96 15 29 
 97 101 47 27 106 68 33 57 54 67 112 107 
 77 89 26 71 30 30 89 87 34 61 69 47 
 44 79 11 74 48 32 65 3 21 70 87 32 
 15 76 60 50 103 14 40 72 71 85 28 83 
 18 18 37 69 65 10 9 84 106 79 30 9 
 86 87 62 73 5 12 98 111 87 62 75 78 
 48 105 37 46 85 81 50 71 77 21 118 84 
 8 104 58 53 48 37 54 96 77 88 63 31 
 85 68 64 39 108 109 73 27 95 85 39 93 
 111 74 51 86 96 112 78 26 68 98 120 26 
 88 92 86 82 100 82 33 26 29 83 80 96 
 77 20 85 50 19 23 33 3 61 42 43 99 
 79 46 61 58 55 69 86 14 81 102 77 56 
 28 21 29 52 15 22 113 62 45 43 92 61 
 86 53 80 69 46 51 91 5 
 82 103 39 60 80 11 10 113 108 75 58 33 
 30 99 21 42 37 96 82 22 36 47 47 17 
 58 89 34 86 48 22 51 41 73 60 17 99 
 23 49 48 40 88 13 27 67 22 73 76 57 
 38 34 41 42 88 23 37 95 46 108 60 28 
 21 66 34 85 35 23 77 60 96 84 76 75 
 88 107 94 76 33 60 48 18 97 93 13 89 
 89 67 61 98 39 69 35 95 13 113 42 42 
 79 56 28 35 43 21 55 82 31 107 25 41 
 110 42 25 47 23 46 78 75 19 76 31 9 
 52 16 71 89 83 73 88 74 72 26 73 36 
 43 70 66 25 71 6 56 86 45 43 8 30 
 77 35 84 73 72 86 91 15 76 92 70 16 
 42 42 81 70 32 64 71 98 87 80 79 51 
 75 101 97 16 49 112 11 56 77 61 34 101 
 56 23 56 46 54 85 109 100 35 19 19 59 
 71 64 28 56 56 84 75 92 
 62 86 64 12 10 87 10 86 27 16 89 44 
 21 53 93 16 85 5 24 78 63 75 6 14 
 87 26 19 93 29 77 88 14 92 79 21 15 
 87 28 21 84 14 47 60 85 96 94 47 32 
 97 40 80 12 49 67 7 7 36 25 96 10 
 60 100 24 79 28 45 100 29 89 11 26 11 
 65 26 1 69 99 85 98 22 63 67 93 81 
 57 63 83 27 30 24 80 62 69 15 12 77 
 69 78 18 28 51 1 71 76 20 88 9 80 
 43 24 13 93 39 40 22 59 53 63 100 56 
 15 70 64 84 47 2 87 40 26 90 75 82 
 68 37 40 32 29 90 68 1 99 80 97 98 
 88 32 8 13 61 43 57 22 44 29 23 6 
 47 17 20 44 18 18 54 59 95 29 50 82 
 51 10 47 11 1 92 87 38 85 40 79 10 
 66 49 89 98 81 91 17 55 80 87 16 13 
 72 17 25 23 45 58 51 72 
 53 48 99 86 40 75 55 61 12 83 44 12 
 12 97 63 8 100 67 91 56 17 9 15 19 
 27 69 40 35 93 79 30 99 14 27 59 100 
 65 11 9 60 63 100 1 80 1 79 82 19 
 81 91 73 30 90 55 90 79 30 74 38 53 
 70 18 6 4 20 91 49 20 88 57 89 78 
 38 54 27 69 95 55 84 47 17 18 78 95 
 86 65 51 57 37 54 41 32 69 72 34 77 
 68 6 74 15 77 42 72 1 50 28 88 32 
 18 60 41 54 9 23 3 66 57 55 39 66 
 14 56 54 24 41 11 2 52 63 59 25 47 
 62 65 66 66 18 29 32 20 49 99 58 49 
 68 7 30 56 9 10 31 63 36 45 68 77 
 97 75 34 12 21 60 76 77 30 98 16 53 
 72 85 92 80 29 49 75 88 13 90 26 72 
 11 89 40 54 89 10 59 36 8 79 86 88 
 66 42 85 63 29 85 100 92 
 53 44 85 56 58 59 68 75 73 15 41 21 
 90 19 10 91 66 62 86 45 2 7 52 55 
 32 57 96 57 66 41 32 58 8 78 13 88 
 96 51 44 59 86 45 10 5 33 4 22 72 
 70 33 92 41 69 17 57 36 62 80 35 12 
 7 55 59 73 96 81 61 15 60 17 49 37 
 2 68 54 24 85 17 90 45 15 78 7 63 
 57 37 62 2 9 10 15 74 78 84 63 7 
 84 68 1 70 30 23 59 51 77 91 76 73 
 53 2 64 1 22 72 42 41 73 68 61 69 
 35 65 32 89 65 61 59 76 49 76 87 86 
 42 4 87 93 78 45 64 46 100 78 27 80 
 22 14 94 7 86 83 85 2 10 86 67 99 
 10 89 98 43 77 63 58 90 93 70 79 1 
 80 80 92 32 51 33 95 69 58 24 45 87 
 21 26 97 11 17 37 83 41 19 42 66 18 
 64 11 37 8 39 100 16 57 
 70 72 16 20 89 27 22 100 79 43 61 5 
 63 14 94 53 45 1 32 51 53 67 80 58 
 14 23 33 61 96 48 13 93 42 16 78 92 
 57 95 94 56 44 35 91 80 59 34 11 34 
 93 85 45 61 37 84 96 66 43 23 37 70 
 38 37 21 87 100 30 3 29 58 39 31 61 
 24 85 70 31 13 47 12 4 71 18 42 1 
 51 82 100 94 74 57 27 48 100 64 23 64 
 58 52 3 9 52 38 89 91 95 1 17 72 
 89 86 100 62 96 51 24 96 38 25 15 38 
 39 94 63 10 76 96 38 95 38 44 71 6 
 62 39 57 66 46 12 35 13 9 53 11 53 
 96 55 79 69 97 46 98 42 82 23 91 64 
 18 74 18 100 74 90 87 91 67 63 59 54 
 74 70 12 64 57 25 14 68 9 25 78 39 
 88 52 39 99 54 58 40 18 39 8 51 42 
 6 94 14 32 7 2 53 70 
 86 47 19 27 75 49 13 47 80 76 75 24 
 32 21 65 45 16 32 26 74 11 83 57 36 
 86 83 99 95 80 20 32 75 98 38 13 7 
 65 45 48 76 65 47 12 37 7 2 36 67 
 39 1 45 32 65 54 95 39 74 7 75 42 
 47 52 23 77 34 60 34 100 86 4 91 86 
 30 97 13 88 51 19 44 95 3 42 81 90 
 90 48 52 57 40 35 58 30 24 7 88 32 
 29 52 8 2 60 89 50 58 48 8 85 84 
 61 64 20 9 97 56 2 42 38 65 55 45 
 64 61 49 17 88 64 22 42 28 74 45 7 
 66 36 67 17 5 83 22 30 95 2 26 34 
 20 63 58 78 17 75 62 1 33 98 33 53 
 77 75 55 56 84 8 37 2 42 51 19 38 
 92 48 3 26 69 73 59 42 80 7 87 85 
 97 21 66 72 45 84 81 89 85 64 52 70 
 59 59 63 75 87 14 15 39 
 13 50 87 70 58 84 51 53 95 53 7 50 
 4 19 96 52 9 76 45 72 70 25 11 26 
 26 53 86 8 59 75 100 88 79 58 22 57 
 97 17 68 33 91 89 25 52 26 55 14 81 
 40 54 64 43 44 25 67 14 66 39 52 80 
 75 57 55 100 13 63 38 79 82 26 10 95 
 4 22 30 71 11 88 15 46 65 20 62 43 
 83 4 86 71 71 85 94 70 12 54 93 34 
 44 78 50 24 65 35 13 99 81 85 93 80 
 64 47 32 82 18 98 44 9 20 73 72 80 
 39 84 26 49 4 33 61 98 13 37 57 76 
 60 40 46 52 75 30 75 54 51 36 29 69 
 46 34 3 75 47 14 59 71 82 49 49 90 
 47 32 43 47 69 98 43 19 39 12 11 7 
 52 30 16 60 96 29 6 36 2 96 15 72 
 18 82 19 22 18 16 47 59 97 60 56 81 
 71 39 76 32 34 90 48 65 
 85 84 44 64 85 71 98 57 49 72 38 26 
 42 4 57 56 75 42 89 20 66 1 49 50 
 88 59 8 90 37 86 29 74 57 9 70 28 
 59 80 72 53 61 74 20 62 93 78 13 44 
 91 7 28 34 29 8 10 48 97 82 77 67 
 99 86 59 27 61 45 88 14 24 47 31 95 
 19 35 87 2 99 74 60 4 14 11 2 61 
 17 7 59 18 84 52 2 31 28 45 81 66 
 98 55 79 76 40 33 13 96 16 11 54 64 
 50 34 6 1 99 78 32 53 23 95 49 47 
 47 34 91 50 95 92 70 80 80 21 7 68 
 30 72 89 19 53 77 18 63 97 73 96 46 
 14 52 26 64 98 42 69 73 91 16 33 87 
 29 26 35 2 27 52 20 40 74 68 65 73 
 40 34 62 10 46 77 4 97 32 1 73 41 
 53 89 42 77 32 9 1 3 17 19 21 15 
 69 73 52 40 14 100 82 15 
 96 1 51 14 66 2 44 61 39 13 49 30 
 59 49 27 88 93 43 56 54 7 16 7 48 
 46 34 19 11 50 17 14 47 51 22 38 82 
 85 80 60 88 29 99 13 74 45 8 14 84 
 8 72 39 94 7 31 5 75 6 8 23 94 
 39 39 69 19 44 60 56 14 88 11 33 77 
 5 90 10 12 99 23 30 87 21 72 78 76 
 82 52 62 20 7 87 50 27 2 60 92 28 
 22 2 26 12 22 69 77 76 80 42 67 80 
 71 23 36 68 85 40 85 45 57 39 61 52 
 17 86 71 44 15 44 61 16 43 56 51 71 
 92 98 41 76 75 29 96 10 67 7 26 44 
 61 94 57 48 19 23 18 87 12 43 40 77 
 18 29 87 76 73 53 20 84 62 18 9 17 
 24 52 96 34 55 50 31 77 21 77 73 26 
 11 6 82 87 80 17 96 53 5 22 17 43 
 89 43 6 42 58 15 98 86 
 65 28 46 76 62 95 13 80 45 50 99 16 
 37 64 40 64 15 88 63 99 33 4 32 2 
 76 2 65 31 62 52 59 16 51 1 13 62 
 73 59 71 10 24 99 84 55 61 44 9 73 
 22 59 49 36 19 28 48 84 28 24 40 34 
 17 60 81 87 39 33 47 11 33 29 38 70 
 57 30 61 75 5 64 44 19 15 55 46 83 
 36 17 14 67 50 27 56 34 26 46 83 27 
 100 10 83 42 47 68 80 13 53 71 49 5 
 50 15 33 52 19 22 31 56 19 68 13 76 
 55 51 23 6 50 84 20 8 12 40 39 67 
 78 5 98 37 30 74 50 70 39 59 97 69 
 67 28 65 68 61 49 65 82 67 56 36 26 
 10 24 82 53 62 52 17 98 51 45 28 86 
 15 9 51 94 71 31 94 15 100 65 92 28 
 17 99 23 4 17 27 74 65 86 86 93 29 
 48 97 7 44 48 64 41 53 
 47 72 23 96 7 37 15 81 72 43 44 42 
 97 30 73 7 48 68 100 91 18 62 11 51 
 76 48 80 9 11 10 40 77 71 79 21 92 
 66 56 85 5 42 96 33 14 74 26 37 4 
 10 5 62 68 5 16 29 80 62 99 92 95 
 41 1 64 43 42 66 86 98 28 36 64 72 
 81 82 59 44 78 42 70 54 64 89 92 60 
 6 85 74 24 32 69 84 100 99 30 87 84 
 27 95 42 21 29 100 46 13 70 76 4 30 
 1 6 65 62 79 89 6 24 39 75 7 39 
 19 95 81 20 5 60 15 80 99 46 97 71 
 68 42 61 8 98 80 36 64 92 17 44 82 
 35 98 6 16 80 66 24 27 68 37 92 47 
 40 25 91 56 42 23 45 50 2 27 69 82 
 64 14 7 38 61 45 67 14 20 31 77 89 
 66 11 56 36 33 79 12 71 41 33 91 86 
 50 52 62 60 46 93 71 8 
 75 21 51 39 76 34 28 3 33 23 88 92 
 94 32 66 64 76 25 18 78 8 63 26 90 
 25 79 11 99 77 49 95 4 49 67 90 53 
 65 98 54 45 80 34 93 71 18 24 53 51 
 69 100 73 50 97 65 40 35 80 74 38 61 
 30 77 10 37 13 40 29 60 15 25 7 78 
 78 42 31 71 54 56 52 89 94 53 24 67 
 26 62 13 34 34 28 73 38 99 28 15 20 
 3 47 56 38 74 72 85 91 53 51 24 29 
 75 65 29 14 42 54 2 7 72 49 59 50 
 21 53 32 19 37 30 46 13 65 20 46 64 
 47 71 17 17 41 83 79 84 15 64 86 8 
 13 94 23 43 70 91 25 88 78 85 13 88 
 58 77 71 23 53 12 55 8 99 23 70 38 
 87 85 88 69 67 33 61 3 16 87 87 44 
 15 28 95 4 56 79 1 28 35 39 94 3 
 32 96 27 41 57 3 42 81 
 44 23 27 15 83 30 23 75 71 68 79 80 
 62 69 85 100 15 16 62 18 99 57 53 54 
 76 70 87 26 3 57 69 21 76 88 56 50 
 74 79 78 48 6 96 67 13 25 96 47 22 
 21 94 51 34 42 43 20 24 68 52 47 29 
 82 2 18 80 57 91 20 97 12 79 65 94 
 59 48 5 5 77 63 65 66 52 36 3 49 
 14 81 2 6 100 82 3 7 97 29 92 27 
 68 65 47 78 27 100 59 29 77 28 29 15 
 52 97 60 75 96 86 40 33 25 28 41 42 
 74 22 34 17 10 100 29 76 1 65 51 12 
 9 86 67 20 16 56 63 96 40 94 87 37 
 50 11 66 51 45 12 11 21 1 57 3 13 
 42 47 99 91 57 67 29 12 6 49 33 76 
 43 79 12 100 93 24 34 87 17 97 73 68 
 3 32 23 76 2 91 61 45 76 76 10 79 
 46 71 64 92 27 76 33 57 
 32 63 68 77 23 28 25 9 15 56 35 44 
 86 61 20 90 7 53 39 59 51 65 100 98 
 89 98 23 59 41 24 78 67 68 96 4 72 
 99 21 16 32 67 17 9 35 43 42 81 91 
 55 92 55 100 67 63 46 50 15 90 56 20 
 73 23 15 59 46 90 81 26 51 86 99 32 
 7 36 40 97 80 91 20 55 95 80 10 9 
 83 91 55 85 61 11 97 77 12 75 24 32 
 68 76 42 80 68 81 2 32 78 87 54 80 
 63 95 83 5 84 9 91 23 19 42 72 100 
 77 47 68 29 2 53 18 32 48 10 16 69 
 98 34 84 3 34 68 64 32 18 14 53 9 
 91 97 67 77 52 80 75 37 19 8 72 73 
 50 2 48 51 8 66 15 26 49 48 40 62 
 35 97 65 97 30 79 45 84 93 78 94 2 
 19 43 74 89 54 22 97 1 19 40 96 30 
 78 43 37 82 88 93 1 71 
 54 15 38 18 44 93 9 94 74 13 11 26 
 18 38 17 91 58 42 16 4 35 55 80 54 
 1 62 61 62 41 15 29 43 70 87 48 32 
 63 31 32 47 32 81 41 75 4 47 86 28 
 16 42 86 70 80 9 52 57 26 63 55 91 
 95 30 23 34 75 95 45 75 51 40 31 1 
 70 87 93 70 92 21 94 31 24 17 48 80 
 97 34 98 19 13 11 68 89 94 26 14 50 
 68 47 61 79 29 39 60 59 4 54 58 31 
 59 86 93 78 85 85 29 17 89 34 39 67 
 30 90 35 73 43 64 71 41 57 72 15 74 
 81 17 9 72 56 29 12 74 38 36 65 93 
 13 85 38 57 16 88 31 76 58 9 74 59 
 6 75 95 5 61 19 10 84 47 38 97 38 
 61 80 18 10 22 40 29 49 31 79 71 75 
 1 42 63 66 82 96 89 55 7 63 20 88 
 7 62 32 34 27 36 84 100 
 60 98 20 50 65 38 39 64 71 49 6 42 
 24 17 58 5 100 3 68 72 27 5 17 82 
 33 93 52 42 83 18 59 51 6 94 49 1 
 80 41 81 3 75 2 7 27 23 5 75 7 
 19 3 81 13 9 47 91 26 84 30 26 26 
 32 61 48 27 59 2 18 64 36 33 77 79 
 94 63 21 94 99 71 7 35 55 91 86 80 
 55 9 79 5 17 9 94 98 55 15 10 14 
 90 79 25 41 67 70 83 50 88 82 80 5 
 10 50 80 96 33 82 23 72 25 83 56 51 
 96 91 80 70 89 2 41 44 79 2 55 29 
 63 78 89 23 27 29 1 20 73 50 57 45 
 87 17 18 85 39 32 29 45 97 57 93 47 
 32 16 69 95 16 71 73 20 72 57 20 51 
 91 96 85 93 66 51 33 86 62 56 79 10 
 77 91 39 13 2 11 25 35 40 22 56 93 
 99 6 32 8 5 79 34 33 
 68 99 17 78 25 4 37 66 11 81 1 37 
 79 66 63 27 6 78 55 35 31 59 100 11 
 36 52 68 78 31 85 26 16 55 74 66 23 
 47 32 35 82 97 95 62 52 41 38 11 9 
 10 6 44 43 79 35 33 67 44 74 1 15 
 76 91 23 94 61 78 87 74 86 32 26 76 
 91 27 24 39 23 56 28 24 27 63 38 56 
 20 31 21 28 51 58 35 2 29 83 87 7 
 1 92 18 76 58 69 42 39 76 22 35 76 
 40 43 95 88 79 40 67 63 47 1 64 8 
 93 14 60 15 37 20 16 42 2 17 81 68 
 37 84 51 6 42 52 25 41 70 94 24 60 
 95 51 48 55 16 69 97 65 15 72 50 31 
 5 33 39 34 99 78 85 87 55 87 56 61 
 90 8 10 7 49 76 63 47 16 30 78 15 
 39 33 89 7 72 86 62 22 98 23 22 63 
 38 21 19 66 6 61 93 34 
 29 4 91 45 71 25 96 6 91 34 42 28 
 88 62 44 87 29 29 39 56 43 66 65 57 
 71 12 61 37 43 60 32 3 78 75 51 23 
 90 53 39 36 80 41 8 70 96 95 100 6 
 59 98 7 98 23 6 1 92 64 41 70 27 
 76 11 79 91 66 79 60 3 22 42 43 87 
 51 51 27 19 53 45 29 11 45 13 77 13 
 81 63 100 88 88 19 90 60 76 12 74 69 
 30 95 72 48 39 45 94 53 80 87 38 47 
 11 97 38 98 81 11 45 59 21 25 64 15 
 26 80 52 57 75 35 89 55 18 24 22 15 
 74 88 11 76 56 93 60 24 79 6 68 6 
 66 57 90 93 6 55 30 88 70 79 68 37 
 62 20 34 13 86 89 34 60 19 69 50 45 
 74 35 100 17 27 2 95 24 14 34 77 67 
 56 86 70 68 20 93 36 14 85 82 51 56 
 100 35 14 34 26 58 99 95 
 41 1 48 89 84 83 28 87 44 47 53 33 
 53 23 90 66 88 20 38 1 53 7 17 41 
 35 28 52 85 5 95 81 10 71 1 77 100 
 37 23 11 76 86 25 53 38 37 44 30 37 
 93 81 40 7 35 53 43 73 76 59 23 59 
 26 94 54 19 89 65 47 7 35 63 23 21 
 81 16 92 24 9 99 65 84 63 18 94 36 
 57 49 76 6 17 36 88 99 20 40 9 98 
 28 48 100 65 84 21 78 97 75 93 74 33 
 28 7 3 57 39 97 35 92 6 97 95 37 
 61 92 89 44 74 90 73 71 33 25 64 25 
 51 84 22 26 28 49 83 3 11 62 89 53 
 67 3 82 73 28 70 15 13 21 82 55 29 
 38 73 6 7 55 94 51 34 60 10 37 79 
 7 99 91 69 38 29 100 14 5 44 39 77 
 28 13 85 26 19 82 99 88 19 89 4 23 
 57 72 56 37 98 31 39 69 
 89 79 51 61 46 45 48 33 19 52 94 96 
 71 45 89 17 87 90 17 51 84 13 95 84 
 9 2 61 75 9 51 79 62 60 50 4 7 
 31 18 79 45 86 77 21 20 81 53 43 71 
 66 25 91 45 59 87 43 99 93 47 31 88 
 96 44 41 67 15 92 72 34 49 29 76 35 
 92 93 77 36 42 98 99 22 5 30 87 92 
 31 28 48 28 99 90 14 10 22 57 45 40 
 60 7 64 63 17 29 52 34 30 96 2 28 
 96 15 45 50 65 68 54 14 44 24 40 73 
 27 39 44 74 11 9 45 86 8 20 71 13 
 8 43 58 19 5 3 23 77 45 6 1 82 
 15 24 27 27 3 37 87 87 84 21 40 8 
 43 90 27 55 84 78 71 100 58 68 78 17 
 30 55 50 60 52 49 23 93 32 7 25 47 
 73 97 90 67 90 89 3 39 61 63 15 44 
 21 49 24 37 59 70 30 97 
 29 12 77 51 38 92 98 3 5 45 51 84 
 75 8 86 59 71 12 21 90 65 62 66 98 
 61 23 76 32 65 91 67 80 34 58 85 22 
 81 55 53 80 31 89 93 46 94 47 43 55 
 66 87 64 79 15 94 70 7 56 12 56 93 
 88 41 76 30 86 97 35 41 23 31 44 38 
 16 13 22 38 71 61 66 93 20 28 89 25 
 30 36 53 11 67 51 80 23 100 4 79 59 
 37 56 75 73 63 83 65 39 77 11 95 62 
 7 69 94 59 89 75 35 39 89 38 74 94 
 65 94 44 22 32 36 32 27 47 85 39 79 
 58 48 42 92 38 100 53 16 64 63 100 87 
 39 85 26 34 31 24 29 87 29 20 32 86 
 75 64 24 40 86 54 41 19 27 33 37 51 
 34 20 20 96 61 5 91 54 42 41 72 15 
 53 85 45 69 49 29 12 11 78 87 82 50 
 32 55 84 48 46 18 46 20 
 407 417 416 418 401 410 402 379 384 415 402 404 
 427 403 393 386 421 406 400 428 
