  -2.4416943e+00   1.1307139e+00
  -2.5189624e+00   7.8932547e+00
  -2.7727681e+00  -2.0075469e+00
   1.8859231e+00   7.8341641e+00
   7.1396726e+00  -9.0602632e+00
   6.2901898e+00   3.7747923e+00
   2.7923474e+00  -4.1984694e+00
  -2.4106630e+00  -3.1326966e+00
  -7.4025446e+00   4.4824971e+00
   5.3182398e+00  -2.1221239e+00
   3.6362427e+00  -1.0748503e+01
  -8.0920624e-01  -1.0814547e+01
   7.0819643e-01   1.3654621e+00
   5.8413740e-01   9.3827077e-01
  -2.5223294e+00   7.6246453e-01
   4.1372479e+00   6.5109967e+00
   1.0277078e+01  -6.0606635e+00
   1.2142323e+00   7.9884448e+00
  -2.5490817e+00   8.9530165e-01
   6.3010109e+00   3.3233298e+00
   6.3772671e+00   1.5911879e+00
   2.1803067e+00  -1.0517698e+01
   6.4430142e+00  -7.0728494e-01
   5.6110802e+00  -2.5501367e+00
   8.8992359e+00  -7.4186563e+00
   1.2877635e+01  -7.8035095e-01
  -6.9286499e+00  -7.0859852e+00
   2.2601004e+00  -4.6695129e+00
  -2.8657252e+00   3.3826124e-01
  -8.0341908e+00  -5.3890962e+00
   1.1647443e+01  -4.3606752e+00
  -2.5696811e+00  -2.3600002e+00
  -8.9347578e+00  -3.2474908e+00
  -8.4149723e+00  -4.9510092e+00
  -3.1347868e+00   7.9305422e+00
   1.6142349e+00   7.5573673e+00
  -3.3300109e+00  -1.0016032e+01
  -8.8854534e+00   2.4989655e+00
  -9.2526277e+00  -4.2343532e-01
  -1.1917447e+00  -3.9540648e+00
   6.0236636e+00   4.1859926e+00
   4.2712967e+00  -1.0135136e+01
   7.1514051e-01   6.1833239e-01
   5.6951925e-01   1.6018396e+00
  -9.1490866e-01   7.9393060e+00
  -8.7365704e+00   1.1716455e+00
  -9.1571842e+00  -1.3548588e+00
   5.7881756e-01   8.1658427e+00
  -7.1655858e-01  -4.0619430e+00
   2.3658550e-01   4.9039231e-01
  -9.1798160e+00  -2.0099144e-01
   5.4419394e-01   5.6656365e-01
  -4.4419140e+00   7.3361237e+00
   6.5079689e+00   2.1749616e+00
  -9.0879028e+00   1.6224978e+00
  -7.9887655e-01  -3.6996628e+00
  -3.1947386e-01  -4.4395030e+00
   2.7463955e+00  -1.0620494e+01
   1.2628235e+01  -2.1662279e+00
   6.4519595e+00   2.2537515e+00
  -2.5071452e+00   1.3041124e+00
   3.4428581e-01   3.1504976e-01
   9.7722849e-01   8.0813676e-01
   6.8657723e-01   9.2436579e-01
   1.0376177e+00   8.1825633e+00
   2.1360797e+00  -1.0902584e+01
   2.9222277e+00   7.5676716e+00
  -1.0040252e+00   1.8931756e+00
  -6.1973796e-02  -4.4633101e+00
  -9.3074566e+00  -2.6651516e-01
   5.9244215e+00  -1.3816011e+00
   2.1232088e-02   8.2285573e+00
   1.2164907e+01  -3.0688948e+00
  -7.9975795e+00   3.8185196e+00
   6.7851946e+00   1.1906612e+00
   4.8995166e+00  -1.0322949e+01
   2.0571594e-01   2.1603743e+00
   3.4787276e-01   1.4692599e+00
  -2.6185791e+00   7.6771154e-01
   9.5153637e-01  -4.6109985e+00
   6.5562436e+00  -3.2854362e-01
  -2.9717514e+00   8.0426427e+00
  -8.1399540e+00  -5.6099479e+00
  -2.9310180e+00  -2.3799011e+00
  -5.1608106e+00   6.7666219e+00
   8.0207461e+00  -8.2791679e+00
   5.5834802e+00   4.9903710e+00
  -3.0119567e+00   7.7938888e+00
  -3.0331759e+00  -1.2984047e+00
  -7.3096780e+00   4.7900351e+00
   4.5608643e+00  -3.2728441e+00
  -1.4562851e+00  -1.0718096e+01
   8.2109261e-01   3.5923924e-01
  -4.6355209e+00   7.2035760e+00
  -5.0142731e-01  -4.3382342e+00
   4.8525660e+00  -2.7034005e+00
  -5.5319804e+00   6.3191348e+00
  -4.4838004e-01   2.0271373e+00
   6.4556324e+00   3.3557215e+00
  -8.3576847e-01   2.2095842e+00
  -1.8957388e+00   8.0227240e+00
   3.4311289e+00  -1.0652146e+01
   1.0016891e+01  -6.8855050e+00
  -3.2480819e+00  -9.6007110e-01
  -8.6189361e+00  -3.6350494e+00
   3.7579662e-01   3.2939879e-01
  -7.2696637e+00  -6.5224279e+00
   1.0473747e+00   7.7388464e+00
  -8.9318018e+00  -1.4900861e+00
  -1.7545721e+00  -3.3579566e+00
   1.9263785e+00  -4.6880085e+00
  -1.0461754e+00  -1.0449953e+01
   2.1010915e+00  -1.0749904e+01
   4.4349968e+00   6.4289390e+00
   2.2223052e+00   7.3754327e+00
  -1.8131761e+00   8.1825948e+00
   9.2269183e-01   4.8075293e-01
  -2.7383787e+00  -5.8832386e-01
   6.0467591e+00   4.0036161e+00
   1.2692125e+01  -1.4635541e+00
  -1.9461712e+00  -3.3887219e+00
  -2.8946789e+00  -1.5254987e-01
  -2.6931382e+00   9.6655861e-01
  -2.8616348e+00  -7.9330392e-01
   6.6885919e-01   1.1073112e+00
   7.0252541e-01   1.8752946e-01
  -4.1118265e+00  -9.4336279e+00
   5.4855928e+00   5.2087652e+00
   7.0547938e-01   1.0833877e+00
  -4.4659358e+00   7.3234394e+00
   7.2539231e-01   1.6286245e+00
   1.1749506e+01  -3.8601786e+00
   1.0990511e+01  -5.7482618e+00
  -7.8058155e+00   3.9574292e+00
   8.8558593e-01   6.5028412e-01
  -7.6598002e+00   4.1295077e+00
  -9.0861327e+00  -2.0549855e+00
   5.6634263e+00  -1.0000790e+01
  -4.3339316e-01  -4.0504985e+00
  -1.4079007e+00   1.8464525e+00
   5.2533256e+00   5.3935534e+00
   9.8915807e-01   7.4313064e-01
   6.3423451e-01   7.9365529e+00
   6.6658815e+00  -1.0843761e-01
  -7.0974615e-01   1.8421114e+00
  -3.0926513e-01  -1.0923642e+01
   5.0988962e+00  -9.9485854e+00
  -1.9676236e+00  -3.0471731e+00
  -5.3362346e-01   8.2304554e+00
  -1.5320129e-01   2.1973611e+00
  -2.8571442e+00  -1.8162161e+00
  -8.4165864e+00  -4.7412872e+00
  -1.0989541e+00  -3.9539283e+00
   1.1782050e+00  -4.4152448e+00
   6.4655107e+00   1.4678761e+00
  -2.6809127e+00  -9.8064125e+00
   3.3007266e+00   6.8772572e+00
   6.9910459e-01  -4.6713386e+00
   6.7574984e+00   4.2526592e-01
  -1.4442876e-01   2.0583374e+00
  -2.6201607e+00   8.1136540e+00
  -7.7060133e+00  -5.4663056e+00
  -2.3741685e+00   1.1983636e+00
   1.0681537e+00   5.7447212e-01
   6.6150736e+00   5.0474683e-01
  -1.9511163e+00   7.9627612e+00
   8.7813384e-02   1.7982486e+00
  -5.4768175e+00   6.6320152e+00
  -8.8648340e+00   8.3234205e-01
  -8.5156439e+00  -4.1900398e+00
   8.2839796e-01   7.0034309e-01
  -9.0971027e+00   9.7771260e-01
  -2.9118961e+00  -1.7548359e+00
   3.9455851e+00   6.8634940e+00
   5.9641635e+00   4.1843257e+00
   4.8357896e+00   5.8605538e+00
  -2.2579098e+00   1.1240052e+00
  -8.8250372e+00  -3.2197875e+00
  -2.8823207e+00   7.7659121e-01
   5.7470474e-01  -4.7372497e+00
   6.7535837e+00   1.7803054e+00
  -2.4560191e+00  -2.4788843e+00
   1.1827229e+01  -3.8970684e+00
   4.5505928e+00   5.7028098e+00
  -9.0486240e+00  -2.0782640e+00
  -8.0360597e-01   1.8449850e+00
   8.5185859e-01   1.3127749e+00
  -7.3773551e+00   4.6664322e+00
   3.1576373e+00  -4.0945752e+00
   9.8435933e-01   8.3325542e-01
   1.0669989e+01  -6.3521303e+00
  -1.4137781e+00  -3.6517386e+00
  -3.0469866e+00   1.1151863e-01
   1.2764589e+00  -4.6943158e+00
   5.7759823e-01  -4.6527162e+00
   6.1283316e-01   7.9236951e+00
  -7.6242557e+00  -5.8827184e+00
  -2.3535796e+00   9.9566591e-01
  -2.7734164e+00  -4.5045423e-01
   8.2183130e+00  -8.1491113e+00
  -3.3512565e+00   1.1899352e+00
  -3.2300716e+00   8.9326734e+00
  -3.4051829e+00  -2.4666615e+00
   1.9322362e+00   8.4511925e+00
   7.9895014e+00  -9.9008268e+00
   7.2326270e+00   4.0800699e+00
   3.1617182e+00  -5.3564093e+00
  -2.8677176e+00  -3.9989880e+00
  -8.5915009e+00   5.1027679e+00
   6.4302700e+00  -3.0345189e+00
   3.7453159e+00  -1.1185303e+01
  -1.0755603e+00  -1.1568722e+01
   9.5724610e-01   2.4530295e+00
   1.4212287e+00   1.8951944e+00
  -3.7746691e+00   9.4986307e-01
   4.8078659e+00   7.0369290e+00
   1.1582357e+01  -6.5141047e+00
   1.5808112e+00   8.8699107e+00
  -3.5034885e+00   1.3485764e+00
   7.1603133e+00   3.4860040e+00
   7.3828184e+00   1.7431399e+00
   2.6341425e+00  -1.1897782e+01
   7.6437667e+00  -5.2061748e-01
   6.4747123e+00  -2.9783584e+00
   9.7868411e+00  -8.3061513e+00
   1.3482509e+01  -1.0049978e+00
  -7.5676969e+00  -7.5206121e+00
   2.4904539e+00  -5.5678066e+00
  -3.9536838e+00   5.9969128e-01
  -8.5495665e+00  -6.1723022e+00
   1.2738532e+01  -4.3738526e+00
  -3.1764777e+00  -3.5097067e+00
  -9.9235675e+00  -3.5474514e+00
  -8.8007455e+00  -5.7290825e+00
  -3.6159610e+00   9.0388839e+00
   2.0577981e+00   8.8556257e+00
  -3.4407966e+00  -1.0735377e+01
  -9.4431235e+00   2.7013455e+00
  -1.0160854e+01  -5.7299484e-01
  -1.9420821e+00  -4.6649002e+00
   7.0635388e+00   4.8770244e+00
   4.3504105e+00  -1.1394957e+01
   1.4102778e+00   9.0017850e-01
   1.0228719e+00   2.5415454e+00
  -1.4845767e+00   9.1194575e+00
  -1.0144261e+01   1.5151287e+00
  -1.0335131e+01  -1.5839885e+00
   1.1944209e+00   8.8264830e+00
  -9.0520147e-01  -4.8955081e+00
   1.6634806e+00   5.7767903e-01
  -1.0359122e+01  -3.0154008e-01
   1.6624347e+00   1.4699883e+00
  -4.9485029e+00   8.1387193e+00
   7.4282801e+00   2.1963311e+00
  -9.9239359e+00   1.7824554e+00
  -1.2878717e+00  -5.1085671e+00
  -4.4880282e-01  -5.5798930e+00
   2.8931014e+00  -1.1366838e+01
   1.3475902e+01  -2.5538593e+00
   7.6886741e+00   2.1861268e+00
  -3.1592855e+00   1.7641515e+00
   1.4125764e+00   4.8196781e-01
   1.6188515e+00   1.6140514e+00
   1.8258496e+00   1.2064723e+00
   1.3488020e+00   8.7628700e+00
   2.1122186e+00  -1.1607823e+01
   3.2663591e+00   8.0278900e+00
  -1.1956623e+00   3.0278683e+00
   2.5604987e-01  -5.4571344e+00
  -9.9808817e+00  -5.6839039e-01
   6.8680555e+00  -1.6515862e+00
   2.4008931e-01   9.2969608e+00
   1.3097998e+01  -3.7360257e+00
  -8.8949239e+00   3.9436586e+00
   7.8752812e+00   1.1063657e+00
   5.2243624e+00  -1.1145118e+01
   8.7562553e-02   2.9504223e+00
   4.2820373e-01   2.5150779e+00
  -3.2375098e+00   1.2155089e+00
   1.2004263e+00  -5.2881330e+00
   7.5430276e+00   4.3255821e-02
  -3.1279405e+00   8.6797232e+00
  -9.0730424e+00  -5.9980350e+00
  -3.4626032e+00  -2.6903904e+00
  -5.6970173e+00   7.8186126e+00
   8.6421621e+00  -9.1940961e+00
   6.2101203e+00   5.8515794e+00
  -3.4646599e+00   8.5894648e+00
  -3.5801306e+00  -2.0200961e+00
  -8.6172531e+00   5.3228434e+00
   5.0108460e+00  -4.0780737e+00
  -1.3957970e+00  -1.1669115e+01
   1.7494330e+00   6.9161573e-01
  -5.5928189e+00   7.7830466e+00
  -7.4260099e-01  -5.2652727e+00
   5.7148576e+00  -3.4946310e+00
  -6.3572656e+00   7.2573485e+00
  -5.5162050e-01   3.1912183e+00
   6.9021785e+00   3.5642043e+00
  -1.4455407e+00   2.8361074e+00
  -2.2214526e+00   9.0262826e+00
   3.5757139e+00  -1.1695158e+01
   1.0543786e+01  -7.2743173e+00
  -4.2128049e+00  -9.7627367e-01
  -9.4931534e+00  -3.8314496e+00
   1.5138545e+00   4.7044760e-01
  -7.6119797e+00  -7.5642255e+00
   1.2808830e+00   9.1371976e+00
  -1.0223335e+01  -1.7651368e+00
  -2.4611247e+00  -4.4677948e+00
   2.0377870e+00  -5.6763260e+00
  -1.3887267e+00  -1.1481595e+01
   2.0383139e+00  -1.1513272e+01
   4.8179766e+00   7.0203181e+00
   2.8752384e+00   8.2958570e+00
  -1.9013165e+00   8.9798716e+00
   1.6846080e+00   1.2844154e+00
  -3.8048020e+00  -9.8962274e-01
   7.0157034e+00   4.5012602e+00
   1.3513472e+01  -1.6078289e+00
  -2.5321913e+00  -4.0770281e+00
  -3.8764170e+00  -4.0872009e-01
  -3.8116350e+00   7.1755335e-01
  -3.9153414e+00  -1.1587977e+00
   1.4526047e+00   2.3868218e+00
   1.5268369e+00   8.4890886e-01
  -4.3799438e+00  -1.0058603e+01
   5.8840148e+00   6.0547997e+00
   1.3983415e+00   2.2693220e+00
  -5.2527498e+00   7.6908257e+00
   1.2776188e+00   2.5473848e+00
   1.2919361e+01  -4.2500153e+00
   1.1538201e+01  -6.0621653e+00
  -9.1077640e+00   4.3416272e+00
   1.6511156e+00   9.3501232e-01
  -8.9386221e+00   4.8434394e+00
  -9.8988999e+00  -2.5144076e+00
   5.9587145e+00  -1.0554485e+01
  -2.7009473e-01  -5.0244516e+00
  -2.3025961e+00   2.2449862e+00
   5.6294712e+00   6.1250255e+00
   1.6890425e+00   1.3930213e+00
   3.8479148e-01   9.3024580e+00
   7.6264004e+00   2.6238435e-01
  -1.2821113e+00   3.0728379e+00
  -4.6518761e-02  -1.1678508e+01
   5.3580432e+00  -1.0949759e+01
  -2.2558911e+00  -4.2443328e+00
  -3.3031920e-01   9.2474908e+00
  -8.7767433e-01   2.8330136e+00
  -3.7650449e+00  -2.2147955e+00
  -9.3714503e+00  -5.2214714e+00
  -1.4286796e+00  -4.8417247e+00
   1.7308907e+00  -5.2805875e+00
   7.4526900e+00   1.5378913e+00
  -2.9838146e+00  -1.0893758e+01
   4.1923871e+00   7.5797008e+00
   8.8050881e-01  -5.2814687e+00
   7.5673155e+00   7.9252585e-01
   2.2035203e-01   2.7239313e+00
  -2.6861381e+00   8.7000972e+00
  -8.8811931e+00  -6.2486166e+00
  -3.5066870e+00   1.5340701e+00
   1.4593992e+00   1.5705790e+00
   7.7448683e+00   4.9840757e-01
  -2.3121902e+00   9.1676319e+00
   3.8007960e-01   2.9317363e+00
  -5.7029989e+00   7.7917346e+00
  -1.0261026e+01   6.4164213e-01
  -9.3851512e+00  -4.5850956e+00
   1.4396372e+00   1.5946419e+00
  -1.0250141e+01   8.9139042e-01
  -3.8731088e+00  -1.9093899e+00
   4.0325167e+00   7.4650949e+00
   6.9711087e+00   4.5773904e+00
   5.6671349e+00   6.2427231e+00
  -3.3586697e+00   1.3647501e+00
  -9.5950377e+00  -3.6375987e+00
  -3.6465523e+00   8.3961245e-01
   7.8015432e-01  -5.4951120e+00
   7.6460994e+00   2.0194988e+00
  -3.4737930e+00  -3.2825226e+00
   1.2559359e+01  -4.5977392e+00
   5.2673548e+00   6.5793790e+00
  -1.0205828e+01  -2.4413772e+00
  -1.2512126e+00   2.8634941e+00
   1.2600923e+00   2.1310710e+00
  -8.3512048e+00   5.1956763e+00
   3.6300650e+00  -4.8781610e+00
   1.5045250e+00   1.4769937e+00
   1.0971707e+01  -6.8389490e+00
  -1.7723633e+00  -4.7558875e+00
  -4.2231862e+00  -4.3051490e-01
   1.4953236e+00  -5.2642082e+00
   4.6206122e-01  -5.4011854e+00
   4.6662712e-01   9.1508270e+00
  -8.2660092e+00  -6.4261208e+00
  -3.2755757e+00   1.6557691e+00
  -4.2028573e+00  -9.4409792e-01
   9.0605948e+00  -9.3599225e+00
