   6.3916225e+00   3.2595990e+00   4.0829027e+00   1.4623060e+00
   1.9697476e+00   4.1532727e+00   2.0768440e+00  -6.3610113e-01
   5.4704555e+00   9.8711548e-02  -2.8553545e-01   3.7206503e-01
   6.8366225e+00   6.9508513e-01   4.3708783e+00   1.2804497e-02
   4.9899179e+00   4.1914688e+00  -1.8848125e+00   6.3859098e-01
   4.8896251e+00   1.0664849e+00   2.2588815e+00   3.9253910e-02
   2.2611570e+00   5.6145569e-01  -5.7483815e-02   2.1226557e+00
   6.1730348e+00   3.7241986e+00   2.8808579e+00   1.5521322e+00
   2.9101775e+00   1.3486399e-01   1.6982992e+00   1.9166782e+00
   3.4314351e+00   2.2428546e+00   3.7825186e+00  -1.9423378e+00
   6.7986079e+00   5.8503221e+00   3.7573550e-01   1.5092825e+00
   8.8111830e+00   4.5003059e+00   6.4666593e-01   3.4650052e-02
   2.3008579e+00   3.2784391e+00   1.8339387e+00  -9.3426979e-01
   4.4207595e+00   3.1156480e+00   3.0095213e+00   3.4205478e-01
   7.0444278e+00   8.6989513e-02   2.7241673e+00   2.6528581e+00
   5.9194006e+00   6.8338171e+00   2.8862570e-01   1.5590833e+00
   7.5386246e+00   4.3889850e+00  -7.2551876e-01  -1.4482779e+00
   3.4515262e+00   4.5928392e+00   1.0329026e+00  -2.9606904e+00
   8.3916545e+00   3.9304794e+00   6.4359376e+00  -2.8914248e+00
   5.8247898e+00   7.1382949e+00   2.3235382e+00   1.0044432e+00
   5.6361593e+00   4.1371859e+00  -1.2582837e+00  -2.8823186e+00
   2.0892559e+00   4.5176514e+00  -2.8712803e+00  -1.2705436e+00
   3.7446736e+00   1.7433696e+00   4.8457051e+00  -9.7443055e-01
   5.7701108e+00   2.7229026e+00   2.1105449e+00  -1.9347133e+00
   4.2799157e+00   4.1526404e+00   3.3474193e+00  -1.3375142e+00
   4.7963264e+00   8.0528558e-01   3.4314621e+00  -1.9792479e+00
   5.5472607e+00   3.1424891e+00   2.1491859e+00   5.4749090e+00
   5.2339858e+00   1.0666476e+00   3.9956743e+00  -4.7199583e-01
   5.5711183e+00   3.4576091e+00  -1.6308418e+00   2.3607470e+00
   5.5340836e+00   6.0836210e+00  -1.4439828e+00  -2.6123968e-01
   5.2579829e+00   1.4158601e+00   1.4898210e+00  -1.9178055e+00
   5.5505910e+00   6.9220471e+00  -1.0784379e-01  -1.3650249e-01
   7.2363587e+00   4.3913225e+00   1.6188437e+00   1.2307428e+00
   4.3101183e+00   5.0456715e+00   1.7381782e+00   1.5265775e+00
   2.8479389e+00   2.0921932e+00   6.9597829e-01   1.5599416e+00
   3.8937069e+00   2.8642670e+00   3.4413199e+00   1.5826107e+00
   4.4380434e+00   1.9798768e+00   3.7698893e+00   3.8202072e-01
   7.9558265e+00  -1.9053530e+00   3.9645861e-01  -4.7083449e-01
   1.8000670e+00  -8.9275546e-02   9.7480091e-01   5.9860124e-01
   5.5165012e+00   3.0507227e+00   4.1487930e+00   8.3402787e-01
   7.3786156e+00   3.8736386e+00   1.6568246e+00   3.0557375e+00
   7.5031948e+00   3.4512075e+00   4.2447134e+00   4.1042625e+00
   4.4030345e+00   2.5055379e+00   3.1290472e+00   8.9419976e-01
   8.7079058e+00   1.7191030e+00   1.5414594e+00  -1.0174925e+00
   5.7813142e+00   6.4612508e+00   6.2066260e+00   2.2745147e+00
   7.4416778e+00   3.2038408e+00   2.8867393e+00   1.3523188e+00
   4.3447066e+00   5.1929944e+00   5.0634961e+00   3.1271331e+00
   9.8521279e+00   4.7434882e+00   5.8775770e+00   4.4246236e-01
   5.5660559e+00   3.3398658e+00   6.1765407e+00   2.4445492e+00
   1.9693886e+00   4.3956967e+00   4.4030700e+00   1.6103448e+00
   4.4914187e+00   2.7521140e+00   3.8838791e+00  -2.7102624e-01
   4.5267987e+00  -1.5886608e+00   7.0394472e-01  -9.3673161e-01
   8.9346498e+00   5.1398202e+00   2.5911744e+00  -2.9493923e-01
   3.5460282e+00   1.7092628e+00   5.3166928e+00  -8.0948692e-01
   4.8073940e+00   2.8322306e+00   1.2536130e+00   6.1408987e-01
   9.2373119e+00   3.1214367e+00   5.4697648e+00   2.7632683e+00
   8.1231433e+00   2.9363931e+00   4.6732890e+00   4.3069694e+00
   5.5036694e+00   6.1597609e+00   6.2543894e+00   1.4611243e+00
   7.3634173e+00  -5.6281148e-01   1.2391252e+00   9.7197806e-01
   4.6687178e+00  -1.1622582e+00   3.7115950e-01   2.8815876e+00
   6.4300715e+00   4.9283323e+00   4.6884350e+00   2.2195401e+00
   8.9869195e+00   4.1405686e+00   4.0974621e+00   1.3206077e+00
   6.4825532e+00   2.2112886e+00   5.7310094e+00   5.3073794e+00
   6.1776605e+00   2.7284522e+00   2.6374076e+00   2.6600039e+00
   5.9232411e+00   1.5867937e+00   5.7213829e+00   3.7015849e+00
   5.4218037e+00   8.2604236e-01   6.2813628e+00   2.4412763e+00
   5.9646028e+00   3.9401317e+00   2.3915854e+00   4.4921210e+00
   5.4606691e+00  -8.6510246e-01   8.4362835e+00   4.4729791e+00
   7.1337017e+00   4.8396038e-01   7.1261363e+00  -2.4270555e+00
   3.8538440e+00   2.8737719e+00   3.7621365e+00   1.2954786e-01
   5.1218467e+00   7.1391490e-01   4.2971479e-01   2.3179125e+00
   4.7222519e+00   3.4651022e+00   2.6856162e+00   5.5394171e-01
   6.2389168e+00   5.9254537e+00  -3.5298548e+00  -1.3551423e+00
   4.9623865e+00   1.8701224e+00   2.7916199e+00  -1.7240373e+00
   3.4518609e+00   1.7818552e+00   5.6523490e+00   4.1216418e+00
   8.4901254e+00   6.5251187e+00   2.3956192e+00   2.0788368e+00
   8.3669465e+00   5.3066134e+00   3.0068121e+00   1.5176700e+00
   8.2358524e+00   1.6998310e+00   4.4746771e+00  -4.9494569e-01
   4.9638265e+00   4.7248164e+00   8.8164936e+00   2.1656136e+00
   6.4389829e+00   2.0576459e+00   1.5823233e+00   3.3197038e-01
   6.3460122e+00   7.2131110e-01   5.8198980e+00   2.7321669e+00
   6.4748621e+00   4.2212854e+00   5.9974457e+00   4.0137614e+00
   5.9950211e+00   4.3690243e+00   4.4197377e+00   4.1873749e+00
   5.0662583e+00   2.9528766e+00   4.0466516e+00  -2.9746847e-01
   5.4940189e+00   3.7507081e+00   6.6422213e+00   2.2255621e+00
   6.6132172e+00   1.3465777e+00   6.9065235e+00   3.3010191e+00
   4.6779357e+00   3.3980033e+00   7.1342870e+00   9.3792420e-01
   7.6478078e+00   4.9429071e+00   6.7846556e+00   3.9691492e+00
   6.4985002e+00   1.4156288e+00   4.6981825e+00   9.6956447e-01
   6.4840793e+00   7.1717785e+00   7.0189838e+00  -1.7552343e-01
   4.1512507e+00   2.4699230e+00   8.4880282e+00   2.2648026e-01
   1.0931998e+01   2.4355102e-01   5.4323860e+00   1.7326294e+00
   4.9680923e+00   8.2862305e-01   6.4354881e+00   4.4649488e+00
   5.6699938e+00   1.3233786e-02   5.0227786e+00   4.1918640e+00
   7.2934822e+00   8.4701554e-01   6.9801685e+00   1.1807169e+00
   6.0999938e+00   1.9648852e+00   4.5076736e+00   1.7051245e+00
   4.8574500e+00   5.1287857e+00   5.7226570e+00   4.2459288e+00
   7.8173086e+00   3.6102182e+00   5.2930323e+00   1.8633206e+00
   7.9304672e+00   2.1751132e-01   4.2678252e+00   3.8937509e+00
   9.2906042e+00   3.5770818e+00   6.0490355e+00   3.1961095e+00
   4.7240449e+00   2.7350464e+00   9.5954359e+00   3.9520652e+00
   5.3542989e+00   1.3533747e+00   5.7432471e+00   5.4493194e+00
   8.5947588e+00   5.9735744e+00   9.3086954e+00   1.5156778e-01
   7.7144973e+00   1.4471342e+00   3.7232897e+00   2.6104942e+00
   7.3752701e+00   4.4551308e+00   9.7503349e+00   3.1346321e+00
   2.8186226e+00   2.2747599e+00   4.3441109e+00   4.3965510e+00
   5.6727441e+00   4.8387287e+00   3.8847022e+00   2.4544592e+00
   6.2950455e+00   5.2879120e+00   3.5739632e+00   1.0458865e+00
   5.1809133e+00   2.9069140e+00   7.6755106e+00   1.5892571e+00
   7.2240488e+00   3.7847268e+00   6.3509193e+00  -4.5129355e-01
   8.5864372e+00   8.2628743e-01   6.3737958e+00   4.6717749e-01
   6.5213808e+00   3.2106418e+00   3.1473189e+00  -3.4586666e-01
   4.5960549e+00   2.4102056e+00   2.1559376e+00   3.3995731e+00
   4.8093831e+00   2.8237583e+00   5.5067384e+00   3.3685275e+00
   5.1090720e+00   3.5419612e+00   6.2153455e+00   2.7069299e+00
   5.7280232e+00   2.1854453e+00   4.7897617e+00   2.8560095e+00
   7.9916306e+00   2.9307122e+00   4.9254764e+00   7.6349638e-01
   5.7328038e+00   3.6132497e+00   6.4334976e+00   2.0021919e+00
   7.7897596e-01   2.5130537e+00   2.0787010e+00   3.1526022e+00
   7.9577764e+00   1.0696500e+00   5.5853887e+00   1.5583261e+00
